TFBS-name fold-change pvalue adj-pvalue number-of-hits
Tcf12 5.03223711433039 1.26766661780329e-186 7.68205970388796e-184 747
Myod1 4.98321186941579 2.45442460160114e-184 7.43690654285145e-182 770
Myog 4.98613585461873 9.97350796586408e-182 2.01464860910454e-179 738
Ascl2 5.11998648889034 5.27803727060714e-142 7.99622646496982e-140 780
ASCL1 4.84206966949869 8.27742752378936e-140 1.00322421588327e-137 740
NHLH1 4.53838804016555 3.02637980831374e-118 3.05664360639688e-116 691
ZNF263 4.8002419500347 5.9642079875822e-106 5.16330005782116e-104 732
ZNF384 4.5587416383039 7.88799414659148e-70 5.97515556604305e-68 707
NEUROD1 2.75951763200547 2.91435243988107e-59 1.96233064285325e-57 409
FOXC2 2.71624938012327 7.86472808214563e-58 4.76602521778025e-56 417
TCF3 2.80056154266768 5.50451358442856e-56 3.03248657469428e-54 435
Foxd3 2.69033840513156 3.17583664840329e-55 1.60379750744366e-53 436
IRF1 2.92925839248483 1.59846472468572e-52 7.45130479353499e-51 424
MSC 2.91775504825573 5.32320976458835e-51 2.30418936952896e-49 446
POU3F1 2.62472677740122 2.19084743043142e-48 8.85102361894293e-47 401
POU3F3 2.6378057113314 1.35060672851642e-47 5.11542298425594e-46 397
TCF4 2.6091730151661 3.37953230114569e-47 1.20470386734958e-45 383
POU1F1 2.55199278570634 8.26629989279087e-46 2.78298763057293e-44 390
POU4F3 3.06815467380168 8.07973083324025e-45 2.57700888681242e-43 448
POU4F1 3.00528954975908 1.10084302667469e-44 3.33555437082431e-43 457
MEF2C 2.47310722327 1.3083297755943e-44 3.77546592385783e-43 365
POU2F2 2.54414177500578 2.46735800670072e-44 6.79644978209379e-43 381
POU4F2 2.66055904798899 2.78637690350337e-43 7.34149740662193e-42 404
FOXC1 2.39769423948132 2.48673310086429e-42 6.27900107968232e-41 371
POU2F1 2.45335259451271 9.6826486149348e-42 2.34707402426019e-40 369
MYF6 2.76578989378051 6.63278702647819e-41 1.54594959155607e-39 419
POU3F2 2.34076805289413 3.70963885089888e-38 8.32607830979526e-37 368
Tcf21 2.73844284221838 1.54171974850409e-37 3.33672202711956e-36 420
POU5F1 2.27667364472418 7.87307092771338e-37 1.64520033868769e-35 356
SOX15 2.20279058873176 3.1647500132647e-36 6.39279502679469e-35 342
MAFF 2.69907004489548 4.15536226605343e-36 8.12306301041412e-35 401
ID4 2.27950361333823 4.91560460257833e-36 9.30892621613272e-35 353
POU5F1B 2.28667857437966 5.54846838679654e-36 1.01890055830264e-34 351
Pou2f3 2.34519835444417 7.50170146661469e-36 1.33706796728485e-34 361
Pou5f1-Sox2 2.28549816529416 1.88682965717707e-35 3.26691077785515e-34 349
Foxj3 2.2841493716896 6.05824184998486e-35 1.01980404474745e-33 339
FOXB1 2.25291252748054 7.06038278777879e-33 1.15637620794431e-31 356
MAFK 2.63147432785391 8.87825794984328e-33 1.4158485046329e-31 387
Bach1-Mafk 2.2217399474315 2.11762707317179e-31 3.29046668292848e-30 330
SNAI2 2.07795109990212 4.17478049880627e-31 6.32479245569149e-30 330
MAF-NFE2 2.14114397789729 5.16699910710313e-31 7.63707672903536e-30 332
Dlx1 2.39499527096603 2.76282180321622e-30 3.98635717321197e-29 361
Arid3b 2.52325619716158 6.96466200480383e-30 9.81531436025843e-29 380
BACH2 2.20431935890776 4.57054560872883e-28 6.29488781565835e-27 328
MAFG 2.49946117412126 5.90021183613294e-28 7.94561860599236e-27 379
POU3F4 2.10277260177509 6.74702711031932e-28 8.88847484533372e-27 310
Bhlha15 2.32304652301886 1.84169072430746e-27 2.37460548708578e-26 362
RREB1 2.67440656945527 2.84516474757225e-27 3.59202049380997e-26 394
MEF2A 2.2571469125949 3.49678251335326e-27 4.32459225120831e-26 338
HESX1 2.27933590008155 9.99400331781189e-27 1.2112732021188e-25 326
Hoxd8 2.56960757722498 2.08016210063971e-26 2.47172202546601e-25 379
ZEB1 2.03901959962167 3.108643969134e-26 3.62276585633693e-25 309
RAX 2.24183658346365 4.13793133915583e-26 4.73129507835554e-25 331
YY1 1.97799759068182 4.91652262041579e-26 5.51743094068883e-25 308
Zfx 2.12585260996627 3.58814624045209e-25 3.95348476675267e-24 325
SHOX 2.13672830200854 4.35571946551123e-25 4.71351070732109e-24 322
Dlx2 2.11670534096742 2.71025765923861e-24 2.86852561799459e-23 326
Lhx3 2.40629481970445 2.745453561777e-24 2.86852561799459e-23 363
ONECUT3 2.02577305365165 1.44329587890149e-23 1.48243610612594e-22 307
KLF9 2.03626208645848 1.84361927674107e-23 1.86205546950848e-22 316
FOXA1 1.95520120461081 2.49119332796776e-23 2.47485763401387e-22 304
TFAP4 2.26508382748307 4.30699753168666e-23 4.20974274871309e-22 350
Foxq1 1.92302814552781 1.02534021642872e-22 9.86279636755244e-22 296
Hoxd9 1.96657200250175 7.05653655839292e-22 6.68165805372829e-21 288
PROP1 2.24088266795866 2.21330568579857e-21 2.06348191629836e-20 340
Arid5a 2.1195610672478 4.73524267469164e-21 4.34781372858051e-20 327
THAP1 1.87716112834538 1.27868623096935e-20 1.1565430686081e-19 270
NRL 1.84659718084349 2.11807690073431e-20 1.88758029683087e-19 291
Phox2b 2.09618526888296 3.52904492268801e-20 3.09942206253468e-19 320
ZSCAN4 1.87860225986656 5.12222985163117e-20 4.43438755726927e-19 281
KLF4 1.86771676664445 6.66485082671369e-20 5.68859098730774e-19 276
SP3 1.90964304435118 7.07279291114335e-20 5.95293403354565e-19 285
SRY 1.81738822964962 2.2225227102549e-19 1.84499830467736e-18 287
GBX1 2.02501981973465 3.744680378285e-19 3.06658960708204e-18 290
FIGLA 2.00040347163519 5.04824258855372e-19 4.07898001155141e-18 303
HOXA10 1.84991286917738 9.02605979707489e-19 7.19709504872024e-18 286
HOXA13 1.84020882529349 1.03022705337527e-18 8.10802070578455e-18 279
VAX1 2.02962562374488 1.66531759016153e-18 1.29382366620242e-17 290
Nfe2l2 1.81909650677729 1.89526210787108e-18 1.45383397135427e-17 282
SP2 1.8971350678589 3.28693146015515e-18 2.48985058106753e-17 277
NEUROG2 2.0390214712196 3.96269570022711e-18 2.96468344979955e-17 310
Foxj2 1.78722274385257 4.21361085125617e-18 3.11396119007468e-17 282
HOXB3 1.87187346800384 1.19109281630536e-17 8.69641261061507e-17 282
Mafb 1.76321954370729 3.90194304348862e-17 2.81497319565965e-16 273
Foxa2 1.79203658449422 3.96590766182404e-17 2.82745887419455e-16 269
HNF1A 2.09646915048965 4.56907948494853e-17 3.2196071719521e-16 316
VSX1 1.94017499592193 6.71347777003249e-17 4.6762845156778e-16 308
LMX1B 1.95625270389517 9.06225413698671e-17 6.24059773524312e-16 295
SOX10 1.76848273353088 9.61503438615778e-17 6.54686611012541e-16 258
PDX1 1.82638519137556 1.08845863939997e-16 7.32895483862644e-16 272
TBP 1.93817055018613 1.25945868005491e-16 8.38716439684919e-16 297
PHOX2A 1.94211792397623 1.30127333993188e-16 8.57143091302959e-16 305
FOXL1 1.75292949932801 3.31857378021282e-16 2.16242549549351e-15 266
CTCF 1.78780664052037 4.03112723532975e-16 2.59879053681896e-15 274
Msx3 1.79473820445497 4.69391390179788e-16 2.99422297314686e-15 275
TWIST1 1.78289545563117 6.66320160836832e-16 4.2061460152825e-15 262
SP1 1.77839851580041 2.0709562369993e-15 1.29381389651709e-14 269
Sox3 1.70515320647732 3.47027045033373e-15 2.1459019315329e-14 263
NRF1 1.94238665373503 3.80473154356534e-15 2.32895688424302e-14 293
MEF2D 1.84090328790831 6.2228502991648e-15 3.77104728129387e-14 276
STAT1-STAT2 1.75407265083819 6.32479896149619e-15 3.79487937689772e-14 260
FOXK2 1.73128750312034 7.16607696603907e-15 4.25749278570557e-14 260
HES7 1.98949600265805 8.57924434832526e-15 5.04759424765544e-14 309
CDX1 1.70214892037743 1.17547933719317e-14 6.84942767633712e-14 266
CDX2 1.68778465917352 1.87887385119024e-14 1.08437862268694e-13 259
REST 1.71175490424992 1.97020730814063e-14 1.12636380069172e-13 260
Atoh1 1.8784155670638 2.10889948342444e-14 1.19438606257496e-13 314
FOXP2 1.68995742398233 2.3709001060098e-14 1.33033839281661e-13 261
SMAD2-SMAD3-SMAD4 1.72208671569323 2.48218364669682e-14 1.3800030182553e-13 256
Shox2 1.83043981083142 2.73879586153659e-14 1.5088275382647e-13 281
MNX1 1.82252126513509 3.47897774502519e-14 1.89933379593267e-13 277
TP53 1.98601719953023 4.33684519084923e-14 2.34654302290592e-13 302
VSX2 1.85167888067361 4.82176908001354e-14 2.58583368361788e-13 280
Hoxb5 1.84313209224934 7.47717035727203e-14 3.97470634781302e-13 272
GBX2 1.77759596001556 8.12912367535267e-14 4.28369473675106e-13 264
NOTO 1.81092772974392 9.16714254936814e-14 4.78904171113543e-13 284
Dlx3 1.75761732801257 2.28525541560627e-13 1.18364511269863e-12 258
TAL1-TCF3 1.78205826335638 2.82334524722888e-13 1.44995527103449e-12 274
RUNX1 1.64277060503756 3.34418143759002e-13 1.70300332031895e-12 255
CEBPA 1.68655740580866 4.37844802580273e-13 2.21111625303038e-12 251
GSX2 1.73612089253522 4.87905763594426e-13 2.4435610970101e-12 259
Hoxd3 1.78032019984785 1.1210773776348e-12 5.56863025284169e-12 264
EMX1 1.76526057123549 2.49562108289996e-12 1.22954989937998e-11 259
Sox6 1.61583747783559 4.19198507124625e-12 2.03597926167266e-11 244
Nobox 1.68713372510282 4.19962718991886e-12 2.03597926167266e-11 256
HOXB2 1.69941166806626 4.26031586109426e-12 2.04900905700248e-11 254
EMX2 1.76533487214303 5.95127922196369e-12 2.83974425866929e-11 274
TFAP2C(var.2) 1.84778947913991 6.105717796256e-12 2.89067576916495e-11 276
CTCFL 1.63729314413598 9.47486791537945e-12 4.4509844625736e-11 249
PRRX1 1.70895014736093 1.07193862013916e-11 4.99688310618714e-11 259
TFAP2A(var.3) 1.91677556268125 1.15159140304237e-11 5.32720908582957e-11 289
NKX6-2 1.6983310315331 1.5109813952709e-11 6.93677822374368e-11 244
Twist2 1.79812610306683 1.61308357911146e-11 7.3498394657259e-11 285
TFEC 1.73210173177938 2.31133217773768e-11 1.04527410426047e-10 267
EN1 1.70608064243234 3.74371615163158e-11 1.68051258362129e-10 237
ZBTB18 1.59771265447837 3.77283202228423e-11 1.68112956287077e-10 246
Hand1-Tcf3 1.58782775726721 5.14748351293896e-11 2.27691606484745e-10 236
HNF1B 1.81897836677246 6.03522703943563e-11 2.65025187383913e-10 270
HES5 1.78353256848907 8.9925137553106e-11 3.92047721994117e-10 272
TGIF1 1.738316095488 9.62347829892746e-11 4.16559132082146e-10 273
HOXB13 1.59476523390646 9.94032131715645e-11 4.2722232043949e-10 242
GSX1 1.65234020295849 1.13442634428916e-10 4.84128425802276e-10 248
MEF2B 1.67907238343057 1.16559457986533e-10 4.93951269509365e-10 254
mix-a 1.70284205972942 1.85619776705723e-10 7.81149893636584e-10 265
EVX1 1.654046693504 1.97180216724453e-10 8.2407731955185e-10 251
DLX6 1.68251013296585 1.98726189207827e-10 8.24849799040706e-10 219
ESX1 1.68495514950915 2.43132150431033e-10 1.00229988545038e-09 241
HOXD13 1.55673002288994 3.07841355531916e-10 1.26048555035366e-09 257
PKNOX1 1.69803654819301 3.65593438732878e-10 1.48691022732969e-09 267
BARX1 1.60492278177563 4.97621656586697e-10 2.01039149261025e-09 232
FOXH1 1.55372839458586 5.07213476809735e-10 2.03557196653443e-09 233
Gfi1b 1.53927794551658 6.47574553844755e-10 2.58177749756527e-09 240
BATF-JUN 1.61520899153138 7.43393407159117e-10 2.94442094600278e-09 245
BHLHE23 1.73241110633534 9.26354200442093e-10 3.64526393160979e-09 260
OLIG3 1.67916247943562 9.36315276894021e-10 3.66069069546953e-09 276
LMX1A 1.73068288884285 9.64371313019085e-10 3.74621163903568e-09 267
FOXP3 1.55898741952385 1.37540394096177e-09 5.30888400141931e-09 219
PKNOX2 1.67050080727464 1.80591179228952e-09 6.92647181093322e-09 254
TGIF2 1.68488137015735 2.36218032356288e-09 9.00302689357926e-09 264
Neurog1 1.64828763913158 2.53231253251536e-09 9.59113371690193e-09 260
HLTF 1.55621811149945 3.02439699136784e-09 1.13718076172254e-08 217
Prrx2 1.61865549193582 3.03998817490184e-09 1.13718076172254e-08 235
RARA-RXRA-IR5 1.63999515351373 3.92221413519507e-09 1.45819740240995e-08 238
FOSL1 1.63069226313316 4.13291155148554e-09 1.52716121963429e-08 245
EVX2 1.5568907304072 1.27930592571527e-08 4.69854176353607e-08 241
EWSR1-FLI1 1.67159431083575 1.4503395668334e-08 5.29461311747614e-08 257
NKX6-1 1.55971521309251 1.48594304593256e-08 5.39210470559959e-08 240
KLF5 1.49305760899693 1.86944794276587e-08 6.74336579354833e-08 236
SOX13 1.49858283442569 1.89874725787509e-08 6.80852567025033e-08 220
OLIG1 1.65550343513803 2.32140968648301e-08 8.27514276475709e-08 262
HIC2 1.47516325703624 2.70094985566411e-08 9.57178720779211e-08 229
BHLHE22 1.64397314244572 2.88313199721937e-08 1.01580115715985e-07 255
Dlx4 1.55570684483376 2.96529415440128e-08 1.03870997547236e-07 219
FOXG1 1.48270402028206 3.55123992326965e-08 1.23681114569047e-07 221
LHX9 1.55767257975178 3.77244739876791e-08 1.30634464208763e-07 240
NEUROD2 1.59254891815749 4.75168728786161e-08 1.63609232752508e-07 239
ONECUT2 1.52726871273576 6.22416269198292e-08 2.13098451488229e-07 226
OLIG2 1.61361558218588 6.80699026071313e-08 2.31743601010795e-07 250
JUN(var.2) 1.57406740829783 6.87579989988179e-08 2.32778477057451e-07 232
FOXO6 1.50053096610693 7.01315625801058e-08 2.36109594019689e-07 202
FOSL1-JUNB 1.57919939164837 1.48189742001323e-07 4.96149080954706e-07 229
SP8 1.50652634295882 1.5820761211756e-07 5.26779191995831e-07 220
PAX7 1.62677119789629 1.97891429826479e-07 6.55312603687683e-07 256
Foxo1 1.45506027583479 2.08324068716011e-07 6.86110791532081e-07 217
Hoxa9 1.45371480891895 2.30156967167017e-07 7.53919578936282e-07 222
FOXK1 1.44265152030846 3.07924506255601e-07 1.00323790747793e-06 223
Klf1 1.44643269893074 3.36408691907494e-07 1.09018003901573e-06 216
POU6F1 1.65801074170948 3.44385836924324e-07 1.11009477221351e-06 260
Sox5 1.43775809785892 3.89998566752078e-07 1.25047159498285e-06 219
Mecom 1.47596334284047 4.00581647672318e-07 1.27764462362855e-06 221
SCRT2 1.4398240694732 4.18844962055804e-07 1.32890076966397e-06 221
NFIL3 1.51224682324105 4.39840180696905e-07 1.38824557032461e-06 226
Arid3a 1.52852117127134 6.83542287203182e-07 2.14625194842035e-06 183
MEIS2 1.42941551590845 6.93355075937557e-07 2.16584111349567e-06 215
Hic1 1.42094089803423 9.61489311302262e-07 2.98801293666241e-06 213
Srebf1(var.2) 1.56519081417902 9.83922970906205e-07 3.02695493430237e-06 236
TEAD4 1.43433410035153 9.84010102405225e-07 3.02695493430237e-06 207
Hmx3 1.45979933243867 1.03928144212273e-06 3.18083108043623e-06 225
SPI1 1.41915392121104 1.3915381165571e-06 4.2375482343397e-06 213
PAX3 1.59095461301205 1.52895960165848e-06 4.6327475930252e-06 244
USF1 1.46712690500317 1.56715804657528e-06 4.72486455833143e-06 223
LIN54 1.49526090686631 1.71537483477155e-06 5.14612450431464e-06 236
NFIX 1.41215813749334 2.03320173559321e-06 6.06955789049008e-06 206
MSX2 1.45654378594015 2.37235930038606e-06 7.04730262761742e-06 200
PBX1 1.42402715112133 2.99069067408368e-06 8.84077340729126e-06 218
NFATC2 1.39035158137211 3.28537553556094e-06 9.66474550752393e-06 211
Hes2 1.42459700682836 4.05121873012372e-06 1.18600896157245e-05 219
YY2 1.38344790071007 4.57291890684198e-06 1.33230233535877e-05 218
ZNF24 1.47516904086445 4.60294920327395e-06 1.33463503214546e-05 226
HINFP 1.39496114918146 4.94687156965794e-06 1.42752579581558e-05 219
Nkx2-5 1.42365225343631 7.05392698576859e-06 2.0259145750596e-05 205
TFAP2B(var.3) 1.53110660217058 1.06655764537743e-05 3.03889943570833e-05 233
Hoxc9 1.37646501607566 1.06812801948164e-05 3.03889943570833e-05 215
EGR3 1.40062108716939 1.13909400480314e-05 3.22565872388179e-05 209
TFAP2C(var.3) 1.55267749298463 1.27020001826863e-05 3.58019167939903e-05 240
ALX3 1.44621673678975 1.34693463008358e-05 3.77889993440116e-05 215
HEY2 1.4666784881044 1.72554123303755e-05 4.81879256783757e-05 219
TFAP2A 1.47540251382394 1.81665458375929e-05 5.04996641173453e-05 219
HEY1 1.47519522188718 2.23109871738721e-05 6.17372521797556e-05 224
ZBTB7A 1.36118642108597 2.29808628631367e-05 6.33018313411857e-05 208
TFAP2B 1.4821445933475 2.54139203416933e-05 6.9687039488987e-05 223
PAX4 1.46187300636588 2.77936583119398e-05 7.58691753920519e-05 218
VAX2 1.42297376090925 2.81652572109084e-05 7.65387707166389e-05 218
ATF4 1.35858012279741 3.44407741991833e-05 9.31745944852907e-05 207
SOX8 1.38319599291905 3.49537376487963e-05 9.41420667340914e-05 207
FOXF2 1.35411335109692 3.52010298740169e-05 9.43886022285585e-05 204
GATA1-TAL1 1.35552520682726 3.64749117706739e-05 9.73735530089355e-05 208
ONECUT1 1.37843764025633 4.62221957698968e-05 0.000122853730862094 205
GCM2 1.33587989808977 5.74926459032171e-05 0.000152142110992793 206
ISX 1.37874587655865 6.90085502596708e-05 0.000181822528075481 228
TFAP2C 1.45879056698287 6.99024451999034e-05 0.000183380440654292 221
UNCX 1.40189573727687 7.83453103962064e-05 0.000204643353879746 221
FOSL1-JUN 1.36631310955365 9.76226218876396e-05 0.000253902613149827 222
LEF1 1.32299964437293 0.000120875634670338 0.000313036900043696 201
Rhox11 1.33689382504328 0.000125995850512434 0.000324908448555468 197
TFAP2B(var.2) 1.4134922677268 0.000148989359343731 0.000382574371874158 219
Hmx2 1.33943448596071 0.000160102784196325 0.000409376739337437 201
MSX1 1.3470401271183 0.000162535225004447 0.000413850194759223 195
Gata1 1.30816461984484 0.000208109200297696 0.000527674373976584 198
Lhx4 1.39017948720208 0.000218151157989821 0.000550831673924297 210
FOXD1 1.30146667169908 0.000229351292855671 0.000576709060043721 200
Npas2 1.36284188474269 0.000249118716693565 0.000623290825681226 202
EGR2 1.31623020360037 0.000249933449901878 0.000623290825681226 199
FOS 1.36255623027854 0.000267755664659323 0.000664999724522745 209
KLF16 1.31984701850002 0.00027877281832667 0.000689536032269233 219
SREBF2(var.2) 1.39667720410962 0.000288607644473462 0.000710960294922432 214
FOS-JUND 1.34728151195098 0.000298823688132644 0.000733146376552156 202
FOXP1 1.29497849636469 0.000310010201033858 0.000757524926719831 203
JUND 1.36689734967928 0.000378768976583817 0.000921823292408808 205
RUNX3 1.29127229105793 0.000439950471241809 0.00106643994229014 192
GATA6 1.29249320761319 0.000474593686327876 0.00114583176858443 197
Tcf7 1.28591842587848 0.000481033097331596 0.00115677006739265 198
Sox1 1.34701129651072 0.000511524777600071 0.00122523326176143 200
SCRT1 1.28973236273362 0.000524043542511345 0.00125027711323573 196
IRF7 1.29680859984962 0.000542071913746223 0.00128821795972632 196
LBX2 1.32384185747054 0.000598022160924337 0.00141563058406308 200
BCL6B 1.29870125988565 0.000636926389767802 0.00150185755719567 186
SOX9 1.28454227216183 0.000693748767946944 0.00162950292006143 192
USF2 1.33518785127084 0.000748852922831648 0.00175214235998447 201
Hmx1 1.29428503656677 0.000767749869616795 0.00178944777302991 199
E2F6 1.26883136557952 0.000843219223433076 0.00195781934636185 205
ZNF410 1.27808885855446 0.000904286856329181 0.00209159478983009 194
ZIC1 1.28543905069063 0.000916995112916885 0.00211292410048529 195
TFE3 1.29874408863413 0.000994058014015012 0.00228181498671628 197
MEOX2 1.32229455808998 0.00103719617591105 0.00237185238717773 196
TFAP2A(var.2) 1.34838727089818 0.00104433829776483 0.00237920679866724 204
ELK4 1.26827412165583 0.00105442034600199 0.00239317876283598 192
FOXD2 1.27437053616244 0.00115807223647648 0.00261862602725651 181
SOX21 1.30344463312811 0.00117952469808549 0.00265721920832642 200
TFEB 1.33081516167972 0.00129875276046132 0.00291497841792431 204
MEIS1 1.25628777825073 0.00130514376548047 0.00291851336487516 192
MZF1 1.27418469973786 0.00170334618575441 0.00379495510502636 161
Alx1 1.33572252964776 0.00172573391910988 0.00383075001824391 197
BSX 1.26232786349283 0.00179620622054169 0.00397263127608855 200
SOX4 1.26682157181149 0.00198866613436431 0.00438229700881735 193
POU6F2 1.25207069043437 0.00200407903698916 0.00440026049425881 213
Gabpa 1.25584768133462 0.00202097873193509 0.00442125306938172 187
GATA2 1.24995221708516 0.002028231606086 0.00442125306938172 189
GCM1 1.2481424298507 0.00212252103164823 0.00461020697196712 194
Sox17 1.24459831613157 0.00241569199328713 0.00522824767118573 186
TCF7L2 1.23915107051662 0.00261498663784168 0.00563943737555893 192
SPIB 1.25663378328113 0.00401274459303244 0.00862313199779313 154
TCF7L1 1.22623374961258 0.00456570401419379 0.00977673721767293 186
TEAD2 1.22748482022203 0.00469779785559711 0.0100241742975065 181
TBX5 1.21996318042729 0.00529682022861609 0.01126271248611 183
FOXO3 1.21370517250066 0.00533920484267741 0.0113131403309878 192
Sox2 1.22097006351364 0.00571077129321274 0.0120582836365398 176
Barhl1 1.22767496412053 0.00579999265485938 0.0122041512112666 186
SIX1 1.21822963358933 0.00596613585530651 0.0125103056343105 183
Sox11 1.23257258966953 0.00619688827270731 0.0129493596319332 185
RFX3 1.29949628337702 0.00628197208114121 0.0130820449524796 191
NFAT5 1.21790571325858 0.00648037350742598 0.0134489943339046 178
LHX2 1.26633555365435 0.00809551377622485 0.0167436223494616 190
IRF2 1.22101930261396 0.00815970697099031 0.0168189878381637 180
LBX1 1.21769317535966 0.0094391704589312 0.0193902959258044 192
RHOXF1 1.19457915807735 0.0100354266764717 0.0205455019119658 190
MYC 1.24827775407177 0.0102171488993311 0.0208471118956048 187
STAT3 1.21394088504216 0.0115226427085559 0.023431951279815 189
Arx 1.24989204807686 0.0143731507032949 0.0291308673116946 183
HOXA2 1.20575607752726 0.014604513789951 0.029501117855701 187
DUX4 1.19152561656812 0.0150391846444417 0.0302782255632281 185
EGR1 1.18956957807623 0.0177888769754617 0.0356955610832113 177
NFIC-TLX1 1.20911768554435 0.0179891359628807 0.0359782719257614 186
FOS-JUN 1.20779280590239 0.01850035710733 0.0368790013389539 188
TBX1 1.17509356154154 0.0187799167917932 0.0373135395928744 183
TEAD1 1.17544182183708 0.0190846358154755 0.0377950630855496 183
FOXO4 1.17333308844251 0.0196001817226518 0.0386630937619332 183
TP73 1.23401361193481 0.0196505493047449 0.0386630937619332 190
TBX15 1.16442585351526 0.0238061674232304 0.0466878234902188 185
CEBPB 1.20446743727974 0.0250079047144892 0.048886420183808 189
GLI2 1.16585744408989 0.0278875338950838 0.0543403393582663 174
CEBPD 1.1982281101581 0.0306539352422642 0.0595393742205516 185
MITF 1.23319379181123 0.032407096273754 0.0627434515715494 180
MIXL1 1.19023590960898 0.0330199125536195 0.063726328049342 188
FOSL2-JUN 1.18685795741602 0.0331716437744886 0.0638159242137781 175
Alx4 1.19660556387587 0.0345363449171686 0.0662310918348234 185
ERG 1.15442476445941 0.0353435505196818 0.0675652732332088 180
PPARA-RXRA 1.1551492332352 0.0379733629344668 0.0723643331392669 177
RORB 1.15110347414749 0.0405667147930933 0.0770640412683841 171
Rfx1 1.16330544868403 0.0415774837133302 0.0787373597821191 179
TEF 1.18407119796147 0.0515100890119342 0.097081305825417 176
EGR4 1.14826429048867 0.0515844562306671 0.097081305825417 176
LHX6 1.18958972789785 0.0533511012574325 0.100095254990725 177
DBP 1.18540465118993 0.0576681966438309 0.107860886315313 176
Pitx1 1.12736075463896 0.0687855250606355 0.128258548266908 172
SIX2 1.12592947468019 0.0759790378443718 0.140856740477756 169
DMRT3 1.12368444411338 0.0760068550102743 0.140856740477756 168
RARA-RXRA-IR2 1.14348771680022 0.0777907757705691 0.143723201576112 178
SPIC 1.11724775521693 0.0783320638818181 0.144283376025477 183
Gata4 1.1164946041596 0.084301346878255 0.154807927903705 175
ZNF740 1.17824914075488 0.0855392654923151 0.156606631082607 173
TBX19 1.15950056167284 0.088998926447202 0.1624498476717 175
MEOX1 1.13541202944266 0.0899651615377962 0.163720384059773 170
RAX2 1.13064595804596 0.0912524425865014 0.165565809004251 173
HSF2 1.12459144664282 0.0928030021400715 0.167876475513085 176
FOS-JUNB 1.13077296157783 0.102702933084722 0.185232075742089 176
RARA-RXRA-DR6 1.11515586114699 0.103500243659143 0.18611616515561 162
TP63 1.13332961213798 0.114756453606037 0.205746777767037 171
ZNF143 1.10103477967544 0.122270411634505 0.218571886284691 170
TEAD3 1.1011550551912 0.126174225879055 0.224887002596197 158
MGA 1.0954156753168 0.128490079455427 0.228343073753633 170
TBX4 1.09205105738954 0.134959542138852 0.239138837824983 173
ISL2 1.09493551756252 0.138600991861819 0.244875221773359 162
FOSL1-JUND 1.10678058437899 0.139642505076021 0.245998133942061 166
RFX5 1.12451603610402 0.144456987359238 0.253741838665793 166
FOXI1 1.09653407169556 0.153234381689315 0.26838160492406 136
MNT 1.10752245232469 0.158303814716745 0.276461417055756 166
EN2 1.09197090327525 0.166252585036171 0.289508811873332 165
RFX4 1.10918434795365 0.166733424425563 0.289514198286221 163
ESR2 1.08667269160104 0.172068286673617 0.297923947783463 180
HLF 1.09850480399298 0.174037208719066 0.300474497104712 183
STAT1 1.08986051497184 0.177385836406838 0.3053858433595 164
JUNB 1.09038361610744 0.185853636968089 0.319057518421138 165
HNF4G 1.07390771386243 0.197719711204713 0.338469336130102 166
Id2 1.07541993290588 0.20533448296055 0.350514638518573 171
Crx 1.06767295247107 0.208518695575754 0.354950363817154 173
JUN 1.07684974369446 0.209440688914632 0.355521169418114 161
CLOCK 1.08553543909921 0.215411448136693 0.364635021147587 180
Pparg-Rxra 1.06614608672004 0.221671807949236 0.374186951580048 166
Nr5a2 1.06340762557571 0.237395451081054 0.399615675986442 157
VDR 1.06205640666952 0.240754097839443 0.404146768118289 153
ELK3 1.05277210414866 0.275632703545146 0.461418282730273 156
ELF5 1.04898286428803 0.28534953770658 0.475217665512596 161
ETV3 1.04930421868406 0.285444274334299 0.475217665512596 159
HOXA5 1.04796543751014 0.29821756972645 0.495122869189668 162
FOSL2 1.04841184857243 0.314391852784328 0.520550444774052 165
CEBPG 1.05041022667635 0.315925302751336 0.521664123889127 162
GSC 1.04211946208552 0.318360490626509 0.524256677499089 154
RORC 1.03857444743362 0.333022499735752 0.546914999566033 153
ETV6 1.03528808248081 0.341206008930673 0.558007985530924 163
Mlxip 1.04021665598028 0.341618750217777 0.558007985530924 153
ZBTB7C 1.03621885437505 0.34351245037431 0.559592862706537 156
PITX3 1.03508532759771 0.346014857391442 0.562158186539447 159
PLAG1 1.02910557959074 0.384917353027986 0.623689614799357 156
Dux 1.02573578026944 0.387039897976626 0.625456475130228 158
Stat4 1.02730870680759 0.38874634203213 0.626543306573061 156
CREB3L1 1.02549255575445 0.390509658387373 0.627715790405167 157
EHF 1.02415785713828 0.393720876164281 0.631203309406228 159
T 1.02570099701434 0.415952623145424 0.66508519690271 152
RORA(var.2) 1.01738301470658 0.4260807667332 0.679486696421893 158
PBX2 1.01690238497334 0.428793270333776 0.681297372179348 157
IRF3 1.01847078672304 0.429464680152658 0.681297372179348 152
GSC2 1.01476416709668 0.438689460715358 0.69232292145169 158
ETV4 1.01492487726686 0.438699672999091 0.69232292145169 155
RFX2 1.01442822529405 0.45359328385856 0.713967610437109 154
NFATC3 1.01107086373501 0.457498309465747 0.718248641285603 150
E2F4 1.01015400232498 0.461103314737926 0.722037748659388 159
SRF 1.01079793960826 0.464668765837623 0.725745546643298 153
ETV1 1.00722058667463 0.475997914245331 0.741528884402752 149
SP4 1.0045576948968 0.487838535345521 0.758026031844579 153
VENTX 1.00362696222904 0.492421561918463 0.763190451464421 151
Ddit3-Cebpa 0.99886974903188 0.514364205468157 0.793275133312548 168
NR2C2 0.998856286768325 0.514450705267048 0.793275133312548 153
Bcl6 0.99788145513879 0.519800759171315 0.799490507760956 149
MLXIPL 0.990387627534005 0.54200830782898 0.83153679631484 155
FLI1 0.986280811212604 0.576329055188541 0.881958099606707 154
JUND(var.2) 0.982493894901637 0.578744819565892 0.883424082259271 149
Znf423 0.978850004450588 0.583118076733471 0.887450752331807 146
MYCN 0.979709939563209 0.584311633961041 0.887450752331807 148
DUXA 0.979247892688042 0.600872750827995 0.910322217504413 156
ETV2 0.978251592590944 0.614785233968749 0.929076937119856 150
ELF3 0.977745930371429 0.617026482857778 0.929657652825778 149
ETS1 0.977666555136836 0.618237680014502 0.929657652825778 152
HOXC13 0.97648760962032 0.62376084627821 0.935641269417316 150
RBPJ 0.975459436968704 0.626177349928067 0.936946849521996 141
GATA5 0.974755782251073 0.632947367678164 0.94474410052455 155
BHLHE40 0.963106750967013 0.640316557110718 0.953395168572715 152
NFIC 0.969298942622673 0.655805196818946 0.972072435441421 150
Six3 0.967508529442584 0.656068689926635 0.972072435441421 144
HOXC10 0.966496384508324 0.666528795205286 0.985162072913178 147
Arntl 0.951658011738551 0.701048602032011 1 146
CEBPE 0.944892932724626 0.712852352974273 1 145
FEV 0.955666450195933 0.714805905687084 1 149
NFATC1 0.955504626191509 0.717080441418891 1 146
TBX20 0.951328320039324 0.73058620629332 1 140
RARA-RXRA-DR5 0.948034486131185 0.733138678669965 1 138
MAX-MYC 0.93960965744396 0.741464426972346 1 142
BHLHE41 0.925573039359002 0.755451525105451 1 146
PPARG 0.932273826181617 0.771740767282649 1 139
XBP1 0.938435624864988 0.779203977215515 1 146
HOXD11 0.938123498369504 0.78967864765002 1 153
MAX 0.920796698829152 0.790452783199246 1 160
Lhx8 0.911074137824976 0.7973557745097 1 143
RORA 0.932179571925226 0.816073317556608 1 155
GATA3 0.927051221461325 0.824226564396033 1 144
ELF4 0.922042374550928 0.840752692364972 1 144
PBX3 0.920868509378228 0.841504861443994 1 151
HSF1 0.911665278473447 0.841923078377205 1 137
IRF9 0.91481370544086 0.843060978120804 1 138
ZIC3 0.912054023734653 0.85386058632873 1 139
FOSL2-JUNB 0.887747234459298 0.875312824469194 1 132
RARA-RXRA-ER0 0.890174084960723 0.879714560360455 1 133
Dmbx1 0.901748094702062 0.885930550506305 1 139
NFE2 0.873938382844859 0.888240289830034 1 129
SREBF2 0.902464306598577 0.889987234701733 1 142
ERF 0.905445927593201 0.89449163832585 1 151
ELK1 0.899175510062842 0.895385194721478 1 135
NR2F1 0.899585159460809 0.898361741933762 1 139
NFYA 0.895838129175989 0.904628088329874 1 135
JDP2 0.858924633577487 0.917109391450787 1 131
CUX2 0.869017918662229 0.920423312660195 1 134
CREB1 0.842494320444832 0.922100782625394 1 126
Gfi1 0.888872987684078 0.923649655096454 1 140
HSF4 0.875334956000952 0.926135213189386 1 134
TFDP1 0.879982579863796 0.929245483004048 1 130
RARA-RXRA-DR1 0.876014646859175 0.933041338935131 1 129
Stat5a-Stat5b 0.870120824263938 0.936450561346914 1 134
RARA-RXRA 0.873387215736227 0.936659106189861 1 128
ZIC4 0.870504898510318 0.939219742733054 1 129
MXI1 0.852602913156682 0.945178347561977 1 140
NFYB 0.871075811525812 0.945670765039044 1 133
Klf12 0.86979360750766 0.947086831351701 1 130
TBX21 0.870090698812756 0.952125787833729 1 135
Nr2e3 0.838062535505975 0.9600609395759 1 123
ETV5 0.861383821503057 0.961180132125546 1 136
MTF1 0.855951022364693 0.962383626393657 1 132
Creb3l2 0.837226735312971 0.963804532163767 1 128
Hoxa11 0.85676196539823 0.964146308993167 1 132
E2F2 0.805245201226066 0.965862502547301 1 124
E2F3 0.79752837545309 0.966844389990211 1 121
FOSL2-JUND 0.829700216305001 0.967253618774086 1 133
SMAD3 0.812141015430673 0.969511372146912 1 126
OTX2 0.849204190795566 0.972391560610962 1 135
BARHL2 0.84479498293415 0.973177225806047 1 131
NFIA 0.840360675378448 0.973610166278488 1 119
Hes1 0.804865445609692 0.973950511167888 1 117
TBR1 0.847842255531014 0.975376120331963 1 134
ZNF282 0.841443939355601 0.975570275176788 1 125
MEIS3 0.839161177986777 0.980393966243705 1 128
Smad4 0.829456467135773 0.981024308766409 1 119
RARA-RXRA-ER1 0.808663257550507 0.981273007375695 1 124
FOSB-JUNB 0.812228764415521 0.981693357311325 1 138
MAFG-NFE2L1 0.827515344308793 0.983955609415244 1 123
FOSL2-JUNB(var.2) 0.760637919430051 0.984076328487578 1 114
TBX2 0.829612770506786 0.984192213108752 1 125
Stat6 0.815129130199882 0.9857672908052 1 135
MLX 0.774146671974263 0.987426331296408 1 117
Nr1h3-Rxra 0.814788256946469 0.988842235010165 1 126
NR2F2 0.81677919238555 0.989138855198896 1 120
RARA-RXRA-ER2 0.785511452205481 0.990594177501449 1 121
RARA-RXRA-DR2 0.804786370792157 0.991350812843975 1 118
Spz1 0.811731599885237 0.992343521500054 1 126
Nr2e1 0.808656124137308 0.992528221720768 1 122
PAX5 0.805551531722858 0.992749027760223 1 123
NR1H2-RXRA 0.799067364898011 0.992979070619953 1 121
ELF1 0.809310444059244 0.993013345179846 1 127
Nr2f6(var.2) 0.794993577719177 0.994251793223244 1 120
JUNB(var.2) 0.71767716296498 0.994533359677033 1 105
RUNX2 0.798509121621666 0.994676020377334 1 119
RARA-RXRA-DR0 0.789756901799669 0.99554320156653 1 122
NR4A2 0.785707625250079 0.995609909742651 1 107
INSM1 0.789380202755343 0.996170205844556 1 120
EBF1 0.72018030056276 0.996526884917829 1 107
Creb5 0.733889081311543 0.996561736939646 1 114
FOSL2-JUN(var.2) 0.746200514609367 0.996669297571088 1 112
Nr2f6 0.781028943529618 0.996805001341648 1 120
ZNF354C 0.785928409189535 0.997012813672061 1 118
JDP2(var.2) 0.723386312782662 0.997142927564594 1 110
HOXC12 0.77698024319439 0.997760444916918 1 117
RARA-RXRA-DR4 0.761120313881362 0.998042965626661 1 111
RARA-RXRA-IR7 0.727041009119938 0.998121312037914 1 105
EOMES 0.773697356354005 0.998121399400104 1 119
JUN-JUNB 0.752990634986716 0.998216456603513 1 113
HOXC11 0.774933064804936 0.998220146192064 1 122
HMBOX1 0.759366884905978 0.998307815512467 1 111
FOSL1-JUN(var.2) 0.670630474978459 0.998535603062598 1 98
CUX1 0.735540779075539 0.998784310811739 1 120
Nkx2-5(var.2) 0.762147100522106 0.998888521591615 1 116
FOSB-JUNB(var.2) 0.681711734282278 0.999032064204794 1 102
Rarg 0.749814747340747 0.999053377657094 1 115
NR1H4 0.757515820045837 0.999063765411573 1 116
Nkx3-1 0.749700302352843 0.999226759087085 1 110
RARA 0.74474093455545 0.999251797563133 1 111
BATF3 0.657699515374941 0.999285359854346 1 101
Esrra 0.751220664020098 0.999291441549578 1 116
Tcfl5 0.639175310119527 0.999292704921632 1 96
Pax2 0.754839064744858 0.999293450252329 1 117
RARA-RXRG 0.738274110853286 0.999345920721995 1 110
RARA-RXRA-IR0 0.707917990335002 0.999401694670954 1 108
NKX3-2 0.751116680387105 0.999402193026692 1 118
RARA(var.2) 0.738838958505075 0.999441809602025 1 114
E2F1 0.659739216142489 0.999451655119284 1 102
KLF14 0.737860287153383 0.999453835651341 1 110
RARA-RXRA-IR3 0.701915705170515 0.999529807227398 1 109
ESRRB 0.743506336515721 0.999542193122146 1 115
Rarb(var.2) 0.730627088559037 0.999584669085088 1 112
PRDM1 0.748724041342052 0.999617926150452 1 124
SREBF1 0.733760851078693 0.999641472050133 1 115
NR3C1 0.645520232702636 0.999659125036035 1 98
FOSL2-JUND(var.2) 0.685267982822863 0.999673463009018 1 106
SPDEF 0.72830964730326 0.999674514247551 1 109
TFCP2 0.652336054145212 0.999749469484368 1 98
RARA-RXRA-IR6 0.669981892739687 0.999813076208 1 97
MZF1(var.2) 0.725416451298479 0.999834530223578 1 113
FOSB-JUN 0.663526020118628 0.999853640348906 1 100
JUN-JUNB(var.2) 0.669402273281178 0.999867410537135 1 104
RELB 0.709695851207108 0.999876085471094 1 109
NR3C2 0.623880103800738 0.999877042397821 1 94
RXRG 0.707650174601716 0.999891502372615 1 109
GRHL1 0.626098928276871 0.999900884327139 1 97
Rarb 0.703119326180012 0.999902853465579 1 109
GRHL2 0.683035661457862 0.999919805622129 1 101
Rxra 0.693139107553871 0.999941685809911 1 104
ATF7 0.598385082467548 0.999949714485484 1 90
RARA-RXRA-IR8 0.638615533352639 0.999953275190973 1 92
RELA 0.657578481058355 0.999955267615132 1 104
IRF5 0.684836338414941 0.999955936780032 1 104
IRF4 0.683068630731215 0.999957438546572 1 104
Esrrg 0.701168888096047 0.999961075465576 1 111
IRF8 0.679859731004488 0.999966821748189 1 103
HOXD12 0.689467482344014 0.999975253356363 1 106
FOS-JUN(var.2) 0.637313221190213 0.999977020338416 1 97
Ar 0.582173207187674 0.999983529718612 1 89
RXRA-VDR 0.670734681060283 0.999985857972346 1 100
PROX1 0.620776518606158 0.999986758471077 1 95
Gmeb1 0.603753567965463 0.999989471960253 1 93
RARA-RXRA-ER8 0.617036239041785 0.999991649591368 1 94
PAX9 0.649431537905411 0.99999334207364 1 97
E2F7 0.641127735090604 0.999993574340618 1 95
RARA-RXRA-ER3 0.616717841442746 0.999993615742589 1 95
OTX1 0.660359399908928 0.999995299960663 1 101
ESR1 0.575986703963584 0.999995433679693 1 86
RARA-RXRA-DR3 0.643313282530758 0.999995527921458 1 94
RARA-RXRA-IR1 0.610078840924657 0.99999592364721 1 95
Atf3 0.654201984246788 0.999996420850199 1 99
NFKB2 0.489798938548632 0.999996731743649 1 75
FOSL1-JUND(var.2) 0.617411310125863 0.999996753964449 1 91
NFKB1 0.507579749211149 0.999997912925755 1 79
KLF13 0.642543393109792 0.999997931820035 1 98
RXRB 0.640260721471054 0.999997973257251 1 98
Pax6 0.633056041899791 0.9999983699124 1 97
Arnt 0.578784298061903 0.999998660260364 1 91
RARA-RXRA-ER5 0.58632626625682 0.999998835662171 1 90
Hnf4a 0.635645403404844 0.999999018682363 1 98
HIF1A 0.582997380931823 0.999999192154802 1 87
PAX1 0.616610926767766 0.999999306946082 1 92
GLIS2 0.610214554339493 0.999999705801141 1 95
Rarg(var.2) 0.598232667027712 0.999999805965737 1 89
CREB3 0.595796558957536 0.999999818880028 1 88
RARA-RXRA-DR8 0.588043906497031 0.999999848096269 1 85
ARNT-HIF1A 0.594097565429755 0.99999988281778 1 93
NR4A1 0.609673098760258 0.999999911306028 1 94
RARA-RXRA-DR7 0.579621683499666 0.999999924853099 1 84
RARA-RXRA-ER7 0.536897394720311 0.999999951715116 1 82
RARA-RXRA-IR4 0.535381338442194 0.999999962111318 1 83
NKX2-3 0.594805343675635 0.999999978788027 1 94
RARA-RXRA-ER4 0.526649594385509 0.999999982489004 1 81
NR1A4-RXRA 0.518822365121919 0.999999986501427 1 79
NR4A2-RXRA 0.504801229178269 0.999999990240552 1 76
RARA-RXRA-ER6 0.502914041993003 0.999999996590505 1 77
ZBED1 0.495158194556168 0.999999997579351 1 77
MYBL1 0.44229278734299 0.999999999155268 1 66
Ahr-Arnt 0.524890572550575 0.999999999245705 1 76
NKX2-8 0.538228009424651 0.99999999948121 1 79
REL 0.514830411458565 0.999999999518146 1 79
E2F8 0.523918850651215 0.99999999958236 1 80
MYB 0.522570905361894 0.999999999953036 1 81
CENPB 0.506793121004876 0.99999999997844 1 78
Crem 0.462222100849655 0.999999999984694 1 70
ZBTB33 0.429684358808067 0.999999999990726 1 65
GLIS3 0.462588839100723 0.99999999999973 1 69
GLIS1 0.438214601064638 0.999999999999983 1 66
ZBTB7B 0.40703797828399 0.999999999999999 1 62
Atf1 0.393294623445625 1 1 60
MYBL2 0.296498185661105 1 1 46
GMEB2 0.265439950443056 1 1 42
