TFBS-name fold-change pvalue adj-pvalue number-of-hits
Nr5a2 3.46582468750294 2.86250125688667e-244 1.73467576167332e-241 1155
NR2F2 3.32707280118237 1.79900594328262e-229 5.45098800814632e-227 1084
NR2F1 3.31058748235933 2.38176017611691e-228 4.81115555575615e-226 1108
Esrrg 3.20103033557574 1.96194582835527e-221 2.97234792995823e-219 1113
RORA 3.09041239663371 3.6080699450714e-198 4.37298077342654e-196 1029
NR4A2 2.99585246384097 6.31365219822429e-198 6.37678872020654e-196 1060
ESRRB 3.08966897879121 5.25925156480677e-193 4.55300921181843e-191 1027
RARA-RXRA-DR0 3.21607705740625 7.93772679872304e-193 6.0128280500327e-191 1056
Esrra 2.87454360813796 1.93241627586933e-160 1.30116029241868e-158 967
NR4A1 2.61659375231513 2.65958012415865e-130 1.61170555524014e-128 877
Nr2f6 2.63862470242289 2.5145772437653e-121 1.38530346338343e-119 893
ASCL1 3.03827268715646 6.7660952160137e-112 3.41687808408692e-110 1003
RXRB 2.46904019881887 2.05166989873827e-99 9.56393814334916e-98 816
Rxra 2.43143149627864 5.65467627774489e-98 2.44766701736672e-96 829
RXRG 2.44286441837068 2.61971667269272e-95 1.05836553576786e-93 800
Sox3 2.32959860243728 1.94986741663982e-94 7.38512284052333e-93 808
Myod1 2.60570109451802 2.48130818498278e-94 8.8451338829386e-93 869
Ascl2 2.95208112575544 1.9050236883071e-93 6.41357975063391e-92 978
SOX15 2.34639743823301 1.34866227620237e-92 4.30152283883493e-91 793
Tcf12 2.53416934350383 3.18608055206684e-89 9.65382407276253e-88 842
Myog 2.52835261212194 1.22910153414669e-87 3.54683585568045e-86 827
ESR2 2.50303954851559 5.25945450631782e-87 1.44874065037664e-85 827
NR1H2-RXRA 2.37497913158701 2.46727942176518e-86 6.50074491125955e-85 788
Pou5f1-Sox2 2.34841183645613 2.89239053295876e-80 7.30328609572088e-79 789
RARA-RXRA-IR3 2.50956301420681 3.9041910230519e-80 9.46375903987781e-79 850
NHLH1 2.71130196572626 2.57651283055456e-79 6.0052568281387e-78 915
HNF4G 2.29287305866524 3.77619553805742e-79 8.47546109652888e-78 734
ESR1 2.61753579073392 9.48358083373035e-77 2.05251785187164e-75 867
RARA-RXRA 2.26909337094439 7.30051411954606e-76 1.52555570911894e-74 731
SOX10 2.16301524007405 5.02127144687811e-74 1.01429683226938e-72 732
ZNF263 2.76506317451975 4.53666759382585e-73 8.86845342534989e-72 933
NR2C2 2.22973426237535 6.53404065382204e-73 1.23738394881755e-71 742
Rarb 2.24472052625092 2.91618206574586e-72 5.35517070255149e-71 737
SP1 2.22982587735151 8.25152062932752e-72 1.47071220628602e-70 774
Pou2f3 2.33750266000446 3.05131231862402e-71 5.28312932881759e-70 769
POU5F1 2.23109864466677 6.46787639773259e-71 1.08875919361832e-69 746
Nr2f6(var.2) 2.19678500676744 7.51810196397788e-70 1.23134318653259e-68 725
POU5F1B 2.22482893602388 1.42522677352837e-69 2.27286164410051e-68 746
POU3F4 2.18663320335992 2.664467183326e-69 4.1401720848604e-68 749
KLF5 2.1517334791922 1.08144914178873e-68 1.63839544980993e-67 726
Rarb(var.2) 2.2116416998573 1.29817421999578e-68 1.91876482272547e-67 723
RARA(var.2) 2.20567686273493 4.9521491103241e-68 7.14524371632477e-67 711
RARA-RXRA-DR5 2.21481593593356 8.24276219441041e-68 1.1616543929797e-66 705
RARA 2.16092823709504 3.06898884404791e-67 4.22683463521144e-66 716
Rarg 2.16550224083224 1.03653918264854e-65 1.3958727659667e-64 718
TCF7L1 2.08301863061284 4.51389307555515e-64 5.94656348649221e-63 704
RARA-RXRG 2.16095754721439 2.87712917929273e-63 3.70966017585403e-62 689
LEF1 2.10574525331614 6.94228267811108e-63 8.76463188111524e-62 679
POU3F1 2.2129063436905 6.66557195603236e-61 8.24354409256247e-60 737
Sox6 1.97208500378213 1.05388413089214e-60 1.27730756664127e-59 746
Pparg-Rxra 2.09492403381348 1.3457779355772e-60 1.59910084109761e-59 670
POU2F2 2.15989582576568 1.05731495316916e-59 1.23217858003945e-58 730
KLF9 2.15767161049858 3.76934267654739e-58 4.30985219242966e-57 711
SP2 2.11035980474999 3.22836757721445e-57 3.62294583665177e-56 717
POU3F2 2.11056630821367 4.52708610681755e-55 4.98802578314807e-54 700
RARA-RXRA-DR2 2.01132634194277 1.5726940217372e-54 1.70187960209419e-53 684
SRY 2.00478442486331 1.30078285292642e-53 1.38293755942703e-52 655
POU2F1 2.0720594551512 2.95450713552252e-53 3.08695055883905e-52 698
POU1F1 2.08156478020218 4.05195712424898e-51 4.16184070727946e-50 686
POU3F3 2.11232945473407 1.60510244616619e-50 1.62115347062785e-49 683
RARA-RXRA-DR6 1.99412525028494 8.62687419932714e-50 8.57030453244631e-49 661
SP3 1.97118455652558 2.56945874214314e-47 2.51143870603023e-46 662
TCF4 2.01325965911162 7.30487919263216e-47 7.02659808053189e-46 653
RREB1 2.43234394180471 2.66706930875916e-46 2.52538125173133e-45 798
Tcf7 1.87927618316931 2.15453104015067e-45 2.00868586204816e-44 644
NRL 1.88644773210509 3.32574423009039e-45 3.05363788399209e-44 644
RARA-RXRA-DR1 1.90651668922179 1.06470622191164e-43 9.63002941012615e-43 627
TCF3 2.00658797817724 1.26260636528269e-43 1.12520508435487e-42 651
Rarg(var.2) 1.89491511388673 6.40259991667388e-41 5.62315297029619e-40 613
FOXC2 1.88534920486585 1.65396959093056e-40 1.4318651030056e-39 638
ID4 1.87323243919324 4.04075900806649e-40 3.44887318153281e-39 638
RARA-RXRA-DR8 1.87206080550616 5.90074832460422e-38 4.96646317320855e-37 593
FOXP3 1.81580798227695 9.35931607202864e-37 7.76951443787583e-36 599
TCF7L2 1.75230826227444 2.63179509771576e-36 2.1552267962375e-35 628
PPARA-RXRA 1.80136051264583 6.10924854918221e-35 4.93627282773923e-34 584
SOX13 1.74836813596839 1.09429640744955e-34 8.72557398571614e-34 603
EWSR1-FLI1 2.08462823052046 1.23989741573582e-34 9.75815368747929e-34 669
Foxj3 1.81936284153515 2.37634794305839e-34 1.84623955576075e-33 599
KLF16 1.8342177693694 7.33554472132592e-34 5.62701278623229e-33 609
FOXA1 1.75869908484447 4.87407192797291e-32 3.69210948543948e-31 585
Hnf4a 1.73784981750792 8.20977838455499e-32 6.14213049511151e-31 572
Zfx 1.82630118394432 1.11250736484256e-31 8.22170076944621e-31 625
ZNF384 2.30108166623943 3.0285588478815e-31 2.21121284556168e-30 805
PPARG 1.81642786966613 9.69661501160634e-30 6.995415115516e-29 590
Klf1 1.66524028294578 1.54783734041256e-29 1.10351697445884e-28 602
SP8 1.76099743582941 2.44216393403758e-29 1.72087365584509e-28 566
RARA-RXRA-DR4 1.727058512757 6.68114082157754e-29 4.65376015847815e-28 562
Foxd3 1.7559376990394 1.99896470486791e-28 1.37655978539768e-27 586
Sox2 1.63335786538072 2.75137395185185e-28 1.87340743238452e-27 592
FOXC1 1.69691874341807 7.70316839787377e-28 5.18680005456834e-27 585
Bhlha15 1.83874728236349 8.24535078984757e-28 5.49085997653585e-27 647
MAFK 1.95594611396982 4.4016234094926e-27 2.89933020233969e-26 608
IRF1 1.80007537460356 7.78735016556755e-27 5.07433784982144e-26 587
RARA-RXRA-ER2 1.79607015248372 3.8214274885683e-26 2.46360112560893e-25 578
FOXB1 1.68682489626033 2.98628892668228e-24 1.90493798902048e-23 559
Foxa2 1.62276982643029 3.94562326335448e-24 2.49067468499252e-23 552
NEUROD1 1.62943093513781 1.78743896517173e-23 1.11668867308667e-22 554
TFAP2C(var.2) 1.81190482090393 4.1962470478379e-23 2.59482215407119e-22 627
MAFF 1.83908440030076 4.27128943286863e-23 2.61454686496807e-22 598
RARA-RXRA-DR7 1.63244651207747 1.38269055034274e-22 8.379104735077e-22 529
POU4F2 1.72622686926946 1.40162729687728e-22 8.40976378126365e-22 571
TFAP2A 1.74567377877763 4.63620981840934e-22 2.75445406858437e-21 591
MEF2C 1.63006595691541 6.97745898539361e-22 4.10518460694032e-21 529
Nr2e1 1.5593915124658 1.18258362854243e-21 6.89082383554531e-21 543
TFAP2B(var.2) 1.75931766824898 1.85411951838451e-21 1.07009183632478e-20 610
KLF4 1.57658852680835 2.80222334265578e-21 1.60202579778245e-20 524
POU4F1 1.8042342687671 5.2038786749336e-21 2.94724343645772e-20 598
ZEB1 1.57069997425357 7.87515413648975e-21 4.41883648769703e-20 548
Mafb 1.5728977696542 9.93819182483076e-21 5.52526995031876e-20 510
MAFG 1.82012132536577 2.24666489671455e-20 1.23770811582638e-19 564
ZBTB18 1.564307590068 3.5999382427891e-20 1.96537168930648e-19 521
FOXP2 1.5472098054256 4.07343543824952e-20 2.20401953176715e-19 537
RARA-RXRA-DR3 1.57236201137319 6.34904225145689e-20 3.40488460564856e-19 523
RARA-RXRA-IR4 1.66170897882886 8.1350617733488e-20 4.32442757425384e-19 551
FIGLA 1.65029648115176 1.37707751229831e-19 7.25659976045891e-19 554
FOXP1 1.54546979925834 4.13757406630402e-19 2.16152576222434e-18 506
TFAP4 1.7309823492593 7.26345926787176e-19 3.76209941566691e-18 579
POU4F3 1.75335987454294 9.74391717762816e-19 5.00407949969717e-18 566
MSC 1.6589575408209 1.1119758640284e-18 5.66266700505218e-18 565
REST 1.54372026910925 1.07193536106261e-17 5.41327357336618e-17 483
FOXL1 1.51593959160701 1.9827221904986e-17 9.92999708629879e-17 499
TBP 1.63431218958136 2.29487095598654e-17 1.13991131092446e-16 552
Gfi1b 1.50528670155899 2.49739349835121e-17 1.23042313821206e-16 504
ZSCAN4 1.51582018653885 3.81629240394053e-17 1.86505902966771e-16 506
THAP1 1.49661301683445 4.63581626817564e-17 2.24744372681155e-16 499
NFIC-TLX1 1.59029407138166 5.21309529928192e-17 2.5072505963213e-16 534
HIC2 1.49327610568158 6.37634343792999e-17 3.04257017589415e-16 500
Nr1h3-Rxra 1.52085620963656 7.57966386939193e-17 3.58849711316524e-16 508
TWIST1 1.52242416151512 1.33495020306855e-16 6.27116141906619e-16 495
BACH2 1.55577048113279 1.42896340251877e-16 6.6611678609721e-16 514
CTCFL 1.51405759806985 2.85586745841726e-16 1.32111120595485e-15 497
RARA-RXRA-ER8 1.60235590334175 3.82140659898447e-16 1.75437302953378e-15 513
Bach1-Mafk 1.52809222368167 4.14283937115364e-16 1.88763959317226e-15 493
NFIC 1.48219681457325 5.37644469503418e-16 2.4314369292468e-15 498
SP4 1.49498048739806 1.72943873176987e-15 7.76325830705588e-15 494
SOX9 1.47222788785848 1.84896168818937e-15 8.23875575766736e-15 515
RARA-RXRA-IR8 1.57446705661385 3.97041807025704e-15 1.7562579201283e-14 508
MAFG-NFE2L1 1.45359881095117 9.18825352322781e-15 4.03484176454787e-14 505
Foxj2 1.46216338259432 1.44341788399887e-14 6.29288660218213e-14 481
NR1H4 1.45177686257069 1.67268972813549e-14 7.24035696607218e-14 492
FOXK2 1.46884891904559 4.3699488098134e-14 1.87814821187725e-13 471
VDR 1.45078307722209 4.86299770688085e-14 2.07533564110549e-13 464
FOXK1 1.45045059187692 5.43717347603131e-14 2.30414484368879e-13 484
Arid3b 1.6207610106052 7.26046886775305e-14 3.05544731517941e-13 540
MAF-NFE2 1.44991544391019 2.03095386454049e-13 8.48798649594165e-13 484
NFIX 1.43455002648249 2.24322226946597e-13 9.31090887189298e-13 472
Nfe2l2 1.44162188458604 2.32914864490989e-13 9.60179645452648e-13 482
RARA-RXRA-ER1 1.5046842964305 1.62327778964287e-12 6.64666446299717e-12 491
RUNX1 1.40933495840341 2.16237366470402e-12 8.79462040812506e-12 471
Hoxd8 1.6307818559297 4.15472969246968e-12 1.67851079575775e-11 531
RORB 1.40662378406747 4.96094969735833e-12 1.99095067324447e-11 464
RARA-RXRA-IR5 1.48932814552072 7.5101184889e-12 2.99416566070618e-11 483
RARA-RXRA-ER3 1.47839786365551 8.2962163867912e-12 3.2859523728075e-11 497
CDX2 1.40145565592907 8.75227955607275e-12 3.44407883829876e-11 468
Hoxd3 1.48818786120655 9.70922442642304e-12 3.79599354994346e-11 485
RARA-RXRA-IR7 1.47250178129333 2.6416299133055e-11 1.02617162016868e-10 486
CTCF 1.4229151241798 3.50005782147589e-11 1.35097773236585e-10 445
Klf12 1.39351129837536 4.00950153948138e-11 1.53782147653527e-10 454
Foxq1 1.38440300255159 4.17175249818618e-11 1.58998868798794e-10 481
MNX1 1.44949821867488 4.75204935684504e-11 1.79983869390506e-10 494
Hoxb5 1.46637790809238 6.22419672791317e-11 2.34277218454371e-10 491
SNAI2 1.37646409528529 6.43416519276567e-11 2.40685438692345e-10 466
Arid3a 1.38975675493965 8.46147975756804e-11 3.14580167674002e-10 483
TFAP2B 1.51659716172744 9.27461252965153e-11 3.42708243473709e-10 524
Rhox11 1.40437404470498 1.27454893147635e-10 4.68107062105861e-10 441
Tcf21 1.50795385360497 2.14005912196978e-10 7.81250498743185e-10 502
MEF2A 1.44486934081434 2.25487469854507e-10 8.1823596845408e-10 494
ZNF740 1.56709442715277 2.57539987805533e-10 9.28983527441388e-10 535
Hand1-Tcf3 1.35980609049167 3.66330785151916e-10 1.31358849587018e-09 460
Atoh1 1.47241041081008 4.73460210038595e-10 1.68774639578464e-09 499
NFIA 1.37190324117169 8.96539798682659e-10 3.17721121638416e-09 433
TFAP2C 1.48697964047836 1.16898580457735e-09 4.11863603240623e-09 511
RORA(var.2) 1.35319439326687 1.45798861341917e-09 5.10717398689026e-09 450
POU6F2 1.36608706991001 1.48833059039125e-09 5.18349619412125e-09 480
E2F6 1.35015590009006 2.03207863256177e-09 7.0367980076139e-09 456
MEF2B 1.41111371666367 2.35743950841004e-09 8.11709285282094e-09 471
FOXD2 1.34489807564538 2.39472163622006e-09 8.19887746638055e-09 454
INSM1 1.34347820933387 3.42080203742473e-09 1.16336302309003e-08 448
Hic1 1.33366742158354 3.43633632232863e-09 1.16336302309003e-08 460
RARA-RXRA-IR6 1.41626137090454 5.06891945041807e-09 1.70653621497408e-08 449
HOXA13 1.34084683012637 8.92981378686157e-09 2.98976085902658e-08 461
MEF2D 1.38167824670457 1.05904244137888e-08 3.5262621949209e-08 477
ZIC1 1.34480881826975 1.40080310312606e-08 4.63872503002399e-08 445
Sox5 1.31542859559792 1.45456296846493e-08 4.79057151570514e-08 468
ZIC3 1.34974890971896 1.48052125906157e-08 4.8497074756287e-08 435
Foxo1 1.3146074583259 2.18408376422435e-08 7.11588581247289e-08 462
Sox17 1.32608913302828 2.4761858048513e-08 8.02443100395663e-08 423
LIN54 1.39358133668051 2.82911664252774e-08 9.11938662431814e-08 472
USF1 1.35758499212521 3.02175452901378e-08 9.68880023588544e-08 460
TEAD3 1.30699638611804 4.88912997922906e-08 1.55937514074359e-07 459
TFAP2A(var.2) 1.41903582692708 6.09878746840314e-08 1.93500796117922e-07 461
RARA-RXRA-ER4 1.36992904209565 8.4056405643853e-08 2.65303030313411e-07 451
KLF14 1.31051268784184 1.07140198752215e-07 3.36409121470686e-07 442
Gata1 1.29830533817108 1.09027032877021e-07 3.40568978986982e-07 450
NRF1 1.38602097803714 1.14473056723786e-07 3.55747037818536e-07 478
PKNOX2 1.37519801952306 1.15797866959424e-07 3.58028098864342e-07 463
EGR4 1.32837869775749 1.23756631267456e-07 3.80692987553697e-07 438
RARA-RXRA-IR0 1.34030029334947 2.74013355115737e-07 8.38646935354224e-07 463
RHOXF1 1.28909857811571 2.87601600582494e-07 8.74002596758962e-07 436
FOXO3 1.29041517709248 2.88449701900648e-07 8.74002596758962e-07 431
Hoxd9 1.31290170319019 2.93688860047489e-07 8.8544999596407e-07 445
Sox1 1.35368020309684 3.20775152231235e-07 9.62325456693705e-07 444
Mecom 1.30973859185689 4.1954295013132e-07 1.25242870827379e-06 441
DMRT3 1.28421049020023 5.5840447453766e-07 1.65878976259717e-06 433
GSX2 1.31579452935827 6.74411889963472e-07 1.99362734301397e-06 457
Crx 1.27809169444827 7.36060097394474e-07 2.16530300495656e-06 439
Lhx3 1.39224058808404 8.29449417569484e-07 2.42824322244979e-06 471
TGIF2 1.36808435245738 8.64979171909754e-07 2.52008354892938e-06 461
RXRA-VDR 1.2829683672649 9.3716965808985e-07 2.71734360192559e-06 429
SMAD2-SMAD3-SMAD4 1.27818812706621 1.05511966952311e-06 3.04477390348097e-06 448
RORC 1.28229322614677 1.11227933303206e-06 3.19450841619634e-06 413
MYF6 1.35619474206781 1.31375980191058e-06 3.75536999980101e-06 464
ZIC4 1.28805844575267 1.33585308922089e-06 3.80059611299466e-06 424
NFIL3 1.31145366017122 1.35944850435174e-06 3.84965324129511e-06 453
PROP1 1.37302126787067 1.44414437678177e-06 4.07047205734769e-06 460
SOX21 1.317912369218 1.55098945899824e-06 4.3513870933006e-06 436
Hmx3 1.30753198425258 1.71047760332606e-06 4.77672547288291e-06 427
FOXI1 1.25915892482154 1.98791342611995e-06 5.52603456985637e-06 448
EGR3 1.28634412929853 2.45108080558639e-06 6.78244277710207e-06 420
FOXG1 1.26364563878562 2.54768010593484e-06 7.01770065543869e-06 425
GATA1-TAL1 1.27761630095896 2.61060259392146e-06 7.15848494079822e-06 415
GATA6 1.26312379219548 3.53800156054779e-06 9.65778804365747e-06 437
Hmx2 1.28619922146059 4.13309109168794e-06 1.12316287065601e-05 422
FOXO6 1.25177724164262 6.07420324920618e-06 1.6432889147406e-05 426
CDX1 1.26311065448195 6.42054946755236e-06 1.72926798992743e-05 426
TEAD4 1.25316031510923 6.87507527675678e-06 1.84349363615691e-05 425
NKX6-1 1.28362559697586 7.01275511715792e-06 1.87212757753203e-05 452
FOXO4 1.24271927726082 7.99475102504044e-06 2.1249206671818e-05 440
TEAD1 1.24589413251658 1.07636164836115e-05 2.84836313933125e-05 418
Pitx1 1.24478961184688 1.11442496210648e-05 2.93626750885446e-05 423
TGIF1 1.31934499165768 1.19107581617289e-05 3.12464045281718e-05 440
TP53 1.34845158824582 1.28695761026356e-05 3.36162203370569e-05 442
Twist2 1.32050379061975 1.3193233893031e-05 3.43137327861664e-05 459
ESX1 1.28998497035179 1.51348777408186e-05 3.91954526108379e-05 424
RARA-RXRA-ER7 1.29167007195127 1.78675327512564e-05 4.60754248819633e-05 423
mix-a 1.30010520856618 1.93238240406775e-05 4.96196498671633e-05 446
RAX 1.28711764455693 2.0247465999129e-05 5.17720016686589e-05 427
HOXD13 1.24254947393512 2.98522682942359e-05 7.60103974214578e-05 424
PKNOX1 1.28594445207475 3.4378942133973e-05 8.71700373773541e-05 446
TFAP2B(var.3) 1.31838864205168 3.64681239929859e-05 9.20820130822893e-05 454
NEUROG2 1.28802279426113 4.23551153464433e-05 0.000106502904149148 438
BCL6B 1.2333904196931 5.49196934352651e-05 0.000137526174470127 412
FOXF2 1.22493115506923 5.64019483994148e-05 0.000140656710823232 418
HOXB3 1.2478617218051 5.74112488849296e-05 0.000142586954197817 413
MYC 1.27591099583723 6.34582723267422e-05 0.000156962094000023 424
GSC 1.22445065293348 6.41415950252763e-05 0.000158007343842754 407
HNF1A 1.30902529830128 6.89528460645587e-05 0.000169171759980253 434
TFEB 1.27942279536022 7.21839293552032e-05 0.000176384924150214 423
ISL2 1.21828234815539 7.30820300219317e-05 0.000177862289932894 431
Hmx1 1.24001371088714 8.39373509559516e-05 0.000203464138717227 406
BHLHE23 1.28462955578113 9.81646554748767e-05 0.000237003112421415 440
Barhl1 1.2212506879943 0.000104418819644862 0.000251102399622167 425
FOXD1 1.20797883501091 0.000121820401871554 0.000291791160214077 415
MEOX2 1.25036421842898 0.000125727875912873 0.000299964932296066 426
VAX2 1.25576490255521 0.000142436938767843 0.00033849719566005 405
ISX 1.24804116150607 0.000150395910572748 0.000356015319558927 414
LBX2 1.24327745662749 0.000153299479212556 0.000361476593007039 404
TFEC 1.24946118472543 0.000157565662982952 0.000370096092122749 434
RARA-RXRA-IR2 1.2530559143085 0.00016623987550095 0.000388962797504154 407
Dlx4 1.24133351704721 0.000178215747317039 0.000415379780285099 406
VAX1 1.2431452438654 0.000189507355450731 0.000440005583920087 442
HOXA10 1.22014337482699 0.000196880253882133 0.000455379518521269 406
Nobox 1.22323195620135 0.00019972560721221 0.000458873315199583 419
NKX6-2 1.22592472897939 0.000199905206621601 0.000458873315199583 426
RFX4 1.27342892237446 0.000218793102704955 0.000500334415996991 414
Arx 1.26945981544782 0.000245244645339683 0.000558715244646044 419
HOXB13 1.20325168960831 0.000279119886218985 0.000633508056362191 420
PBX3 1.20536137332618 0.000294087221958792 0.000664988270548613 397
POU6F1 1.28990310925356 0.000297253031856956 0.000669648094071805 450
LMX1B 1.23839442161678 0.000317610178980246 0.00071285840171122 424
NR1A4-RXRA 1.23774029975944 0.000330660994426866 0.000739411670194394 406
RARA-RXRA-ER6 1.24015509086332 0.00037521690091489 0.000835961183655968 390
HLTF 1.19504177266336 0.000405901983163039 0.000901013193394878 405
Phox2b 1.23959304079754 0.000415728664194859 0.000919458286503959 429
RFX3 1.26800979560657 0.000419752895521878 0.000924982744313667 410
EVX1 1.2178749665732 0.000479574482490397 0.00105297875503326 420
FOSL1 1.22334745667387 0.000509058183594399 0.00111367963631121 422
DUX4 1.19562132220609 0.00053417764033889 0.00116443039584665 404
Dlx1 1.23723618599721 0.000569736649341113 0.00123749250717102 405
NR4A2-RXRA 1.22873442704768 0.000576676097309351 0.00124599806410027 403
GSX1 1.21324295336487 0.000577764778897981 0.00124599806410027 406
Dlx2 1.22356718501667 0.000597212216009604 0.00128337093227596 412
ZNF24 1.223886193459 0.00063560357594663 0.00135633023035667 409
LHX9 1.21781158803938 0.000635639909936129 0.00135633023035667 412
GCM1 1.18452152920864 0.000671736485202666 0.00142832389485198 411
EMX2 1.22823313580844 0.000693609783530849 0.00146967667419474 413
Dlx3 1.21487917005126 0.000729722939981369 0.00154080871647634 384
SREBF2 1.18221050898267 0.000816959037727899 0.00171901797521912 407
NOTO 1.22012047235101 0.000864431195430716 0.00181261351014192 408
EMX1 1.21297957449104 0.0008925029773711 0.00186502346305823 425
MEOX1 1.20906219747952 0.000952545248754467 0.0019836509303959 424
PHOX2A 1.22545769455111 0.000956222916666615 0.00198449002568482 402
Rfx1 1.19831954203146 0.00105288425636732 0.00217763774525118 395
TAL1-TCF3 1.20686828528518 0.00111934472762979 0.00230722076511446 403
OLIG1 1.22856049207636 0.00171895854654463 0.00353114874307134 410
LMX1A 1.23328032163297 0.00182784741148098 0.00374214706539687 424
STAT1-STAT2 1.17685716477134 0.00186531606035351 0.00380599842617585 386
BHLHE22 1.21648640525786 0.00193657705395734 0.00393813991509446 415
Gata4 1.16613619427065 0.00204381233864586 0.00414230861946285 388
ZNF143 1.16751968890991 0.00233001545253924 0.00470663121412926 385
GATA2 1.16541215827892 0.0024087501394419 0.00483151492073905 379
HOXB2 1.18234588926469 0.00241009068639643 0.00483151492073905 394
GBX2 1.18337456569388 0.00241673712483648 0.00483151492073905 399
RARA-RXRA-ER0 1.18863683719076 0.00242373025726843 0.00483151492073905 407
GBX1 1.1964425935642 0.00245499200290359 0.00487778738937567 378
HES7 1.22089819647141 0.00247297500198646 0.00489746029805162 420
Alx1 1.21206491075653 0.00317085838393228 0.00625908853636144 385
TFAP2C(var.3) 1.2295540500727 0.00326571713490233 0.00642540449269744 415
TP73 1.21250393561523 0.00329332453376486 0.00645875296913108 388
RFX2 1.21694260777221 0.00343016170146261 0.00670541287447208 405
PITX3 1.15241414126738 0.00366220197097864 0.00711314420146399 404
PAX5 1.15571904125045 0.00366221285619928 0.00711314420146399 393
LHX6 1.20832625122015 0.0036917187406665 0.0071475449100444 413
ONECUT3 1.16646060944834 0.00398613052763231 0.00769297802466618 384
TEAD2 1.15063090535971 0.00404445259063594 0.00778075641246153 391
TFAP2A(var.3) 1.21475541919603 0.00439878423160852 0.00843564317833786 416
HNF1B 1.20450617609734 0.0046451047645047 0.00887991636369036 398
EVX2 1.16983758560188 0.00501598572167937 0.0095587652432003 384
HOXA2 1.16453869943701 0.00517123793496107 0.00982373099870347 386
JUN 1.16194986642353 0.00545879861526062 0.0103375998776498 388
LHX2 1.18358860827174 0.00560975398028667 0.0105903766730646 400
NEUROD2 1.16834555613513 0.00701030087139329 0.0131932991554793 410
MSX1 1.15164464367611 0.00738339505842504 0.0138524377876334 387
SOX8 1.15129918680785 0.00773691594694261 0.0144708983452075 384
Alx4 1.18132564978389 0.00809753862302406 0.0150893887490871 381
TBX19 1.1959755372602 0.00811739394752869 0.0150893887490871 382
SHOX 1.15351240545081 0.00894293361902271 0.016573143037088 408
ZNF354C 1.15019884074854 0.00909974689322881 0.0168123372478557 305
HEY1 1.1759028326982 0.00956588871452376 0.0176198436504602 397
HLF 1.16877079700675 0.0105326596608297 0.0193417931953418 403
T 1.1830351906267 0.0106782016772765 0.0195498193849836 399
OTX2 1.12967825020056 0.0109563031708382 0.0199985533780963 399
MEIS2 1.12619285800478 0.0117557546680417 0.0213933553418416 392
Ddit3-Cebpa 1.12668509985464 0.0128100106318059 0.0232421150984263 408
GSC2 1.12607759258327 0.0136520466578925 0.0246959411184563 393
Neurog1 1.1561240468766 0.0147038162627343 0.0265193829024315 373
Spz1 1.12279318234064 0.0150837946134755 0.0271239748835792 380
MTF1 1.1268626372814 0.0152874395860948 0.0273730472417601 385
RARA-RXRA-ER5 1.15008848590659 0.0153126452392024 0.0273730472417601 370
MIXL1 1.15193708938437 0.0168832309162356 0.0300918762801141 384
EGR2 1.12182216447503 0.0208683453221975 0.0370856811297704 370
YY1 1.11551143869243 0.0215454592202263 0.0381770417761905 375
PBX1 1.12267451157888 0.0220557418652958 0.0389672873771699 373
ALX3 1.13502067863251 0.0236171848074315 0.0416046918409985 386
SOX4 1.11851378589181 0.0272751931296624 0.0479094696712331 370
Hoxc9 1.11139749896445 0.0288032378364651 0.0504472893898782 372
Dux 1.11322317877702 0.0300239725083569 0.0524337963690614 338
TEF 1.1423173205687 0.0303692313985111 0.0528843512284418 377
BARX1 1.10794017154714 0.0349516752513877 0.0606897283734698 370
Lhx4 1.12786666570663 0.0368430315715422 0.063791077521013 387
Hoxa9 1.1037853126609 0.0374847274795272 0.0647172218022606 368
DBP 1.13621417927132 0.0402880388009805 0.0693595213448699 376
GCM2 1.10036347030944 0.0404668127753752 0.0694699392121172 366
EN2 1.10818147657868 0.0406816449521879 0.0696414600028979 388
MAX 1.12449612231136 0.0479360587044558 0.0818288776757752 363
SIX2 1.09651479018293 0.0484018083387112 0.0823918422844353 370
VSX2 1.11711016019358 0.0499351994146868 0.0847639519476196 367
Nkx2-5 1.09838553728167 0.0505333006543065 0.0855396094874574 382
OTX1 1.09133926422369 0.0531338607673792 0.0896911410168017 376
JUND 1.111789827072 0.0542880202530668 0.091337312782107 370
HES5 1.12135949262164 0.054410511409803 0.091337312782107 376
PDX1 1.09358428306312 0.0553120658613554 0.0925942318010535 383
DLX6 1.09913735841514 0.0605701254461779 0.101117068926677 360
STAT3 1.0954458394327 0.0608853415362162 0.101169086071821 379
TBX15 1.08872806462678 0.0609351756043146 0.101169086071821 353
Dmbx1 1.09334436865456 0.0638825299268828 0.105772713485495 345
Ahr-Arnt 1.10566085227333 0.0645054638863825 0.10651310930558 261
MITF 1.12332020536773 0.0663772003171833 0.109305933131014 366
OLIG2 1.10679557321762 0.0678142804320359 0.111369793880254 388
FOS-JUN 1.098605871436 0.0688561771244874 0.11277525226335 376
HEY2 1.10421126843638 0.0697779210653778 0.113976873761776 378
BARHL2 1.08812340920102 0.070492970064566 0.114835322201954 362
CREB1 1.11930886789635 0.0741825847386722 0.120521840084813 364
Hes1 1.10624491176642 0.0794554309219426 0.128743291814698 350
RFX5 1.11133849708541 0.0805227168416902 0.130124710416171 360
VSX1 1.09422023148439 0.0807849564774745 0.130201286237632 387
JUND(var.2) 1.0934636620325 0.0829649458480229 0.133360098631039 352
FOSL1-JUND 1.0880733510166 0.0873352073532342 0.140013586391693 368
Nkx2-5(var.2) 1.07680090500744 0.0878636927155519 0.140489176215368 361
SCRT2 1.07546510100259 0.0966410564589783 0.154117053195108 354
FOXH1 1.07230197029298 0.103148385656552 0.164062786634831 359
OLIG3 1.08742107881378 0.10814749554675 0.171563828013954 393
JUN(var.2) 1.08124498132631 0.115426520766549 0.182633085077098 350
Sox11 1.07359197739811 0.116084857953589 0.183196416458007 352
FOSL2 1.07860420909117 0.122448136044792 0.192736546605569 355
FOS 1.07568327319894 0.133414969206593 0.209454588961646 354
EN1 1.06845043865862 0.134933229247464 0.211290793085176 380
SCRT1 1.06376182413032 0.13708475933497 0.21410660865204 351
EGR1 1.06429199588716 0.141751924624427 0.220826905713117 349
CEBPA 1.06175259825556 0.143943838349469 0.223666579589174 369
RAX2 1.0716427808224 0.144925611555268 0.224616165223766 377
PRRX1 1.06846868121254 0.151396518681665 0.234046658982369 372
MAX-MYC 1.06706208402507 0.157123489840815 0.24228202250263 356
MXI1 1.05924910468498 0.185336617974519 0.285060889575022 386
RARA-RXRA-IR1 1.05836781360372 0.191976671760626 0.294526235663137 351
IRF7 1.04883561747738 0.206207379926808 0.315559778372843 351
Prrx2 1.05149442532875 0.215350141342382 0.328720870663686 354
Smad4 1.04460507110976 0.231074685603904 0.351837335366749 323
FOSL2-JUN 1.04682384555873 0.234822463297966 0.356647651023979 379
Shox2 1.04621329878084 0.245396289817428 0.371775379073404 352
BHLHE40 1.05044502723401 0.247904700106177 0.3746390231031 355
FOS-JUND 1.04407587346962 0.250941123619088 0.378284380381013 349
TFE3 1.04166233542697 0.251681857797144 0.378459567804143 357
TBX5 1.03735511087401 0.252712624520506 0.379068936780758 357
TBX4 1.03457329677999 0.270057580220364 0.404086157070471 355
BSX 1.0346284638471 0.282233393076855 0.421264621193532 345
Nr2e3 1.03350115604763 0.285016910380136 0.424374072949294 414
Stat4 1.03390153745703 0.29530263583958 0.4386112679382 343
MSX2 1.03346888836368 0.29606224304346 0.438664350328451 319
JUNB 1.03432222319704 0.299183675577641 0.442208066829392 361
BHLHE41 1.03946601762453 0.302929369232141 0.4463892977295 356
Arid5a 1.03530931159667 0.303485793175832 0.4463892977295 375
Id2 1.03270950105244 0.306088227982339 0.449127036700478 340
Npas2 1.03235770430362 0.307263203031286 0.44918511130173 384
Msx3 1.03091008424067 0.307610265990458 0.44918511130173 342
HESX1 1.03104788002317 0.312605427830007 0.45538194534852 402
DUXA 1.02963946578305 0.319933044016471 0.464938668282929 340
JUN-JUNB 1.02849914858578 0.328341783472359 0.476017035369018 331
TBX1 1.02337357982966 0.338253561148242 0.489216367675024 363
LBX1 1.02503115958226 0.343441539151317 0.495537077918328 346
SREBF1 1.02089849230095 0.363053360375812 0.52258987265497 341
SPI1 1.01872104026745 0.376198976745914 0.540228862341289 340
SRF 1.02297861369415 0.380052888870051 0.544472932991136 337
USF2 1.01995622343571 0.386910423899466 0.552989898309142 331
KLF13 1.01619184232954 0.395669022688706 0.564177477057308 332
MZF1 1.01401143052448 0.409125689410239 0.581995699020199 321
UNCX 1.01301819706436 0.429616859556364 0.609713856887954 326
FOSL1-JUN 1.00953279608483 0.445809444635134 0.631216176282456 330
PAX4 1.0038192660895 0.481892824098191 0.680715737537305 332
Znf423 1.00297324825619 0.486082416042142 0.685037079352415 326
PLAG1 1.0019177009623 0.492341436479646 0.692248052219641 331
MEIS3 1.00073857659915 0.501599456150105 0.703632570432787 345
MGA 0.999079676918736 0.513710394990089 0.718957273357953 332
MNT 0.990417985924866 0.556790417285271 0.777453900633351 321
MYCN 0.979499613272327 0.61760573647394 0.860388681156799 358
ZNF410 0.981396361504009 0.632009872948331 0.878435740841029 317
FOSL1-JUNB 0.976134978627011 0.639079120492786 0.886134788511856 310
STAT1 0.978024686170943 0.640473659023421 0.886134788511856 327
IRF2 0.979135532719866 0.642540336984516 0.88696912121325 315
PBX2 0.978342992661903 0.659264930215635 0.907987608433352 338
ONECUT2 0.975130683904446 0.663841663328747 0.912217795866713 330
Hes2 0.969328503688293 0.697453593531426 0.956237279819104 308
FOSL2-JUND 0.958949846672587 0.736737090907333 1 323
FOSL2-JUNB 0.951554579596276 0.773312323823785 1 332
FOS-JUNB 0.947804103779278 0.781088530833853 1 311
BATF-JUN 0.950039312713044 0.798362141439658 1 321
PAX3 0.934775198127164 0.804171698439863 1 318
MLXIPL 0.939182890107684 0.812266988772582 1 329
NR3C2 0.931824465446474 0.817388449020789 1 299
VENTX 0.950279961103151 0.82478775354845 1 353
PAX7 0.929794408951657 0.827194048540467 1 324
NKX3-2 0.944191413844639 0.852453438077636 1 327
BATF3 0.918954199666156 0.854771202805275 1 309
NR3C1 0.916276393472938 0.867616266664244 1 301
NFE2 0.916966496842052 0.884322726113411 1 311
CLOCK 0.908978916324805 0.897231584062591 1 311
NFAT5 0.931471512799957 0.897820917923988 1 319
Lhx8 0.905759317072505 0.902034082463292 1 312
NKX2-3 0.929773900408793 0.905095655556256 1 317
CEBPD 0.91314220733222 0.905171081397863 1 319
E2F4 0.925590497810273 0.905783035892657 1 312
Ar 0.901600778536675 0.909331947278324 1 295
Stat5a-Stat5b 0.920561202497784 0.910238961352182 1 304
E2F2 0.897926389513427 0.91384320309947 1 297
PAX9 0.917875466219259 0.92311819121804 1 301
SMAD3 0.897241637732764 0.932462079015388 1 308
RBPJ 0.919532423337516 0.933725417911815 1 309
Gfi1 0.917076257215896 0.936498197240088 1 302
RUNX3 0.912087869974942 0.948056763546926 1 304
GATA5 0.910667375047394 0.948744313367314 1 297
TBR1 0.9125990429218 0.948914657532665 1 311
FOSB-JUNB 0.897234415003787 0.951445646996071 1 330
SIX1 0.911258248307096 0.951520399216147 1 314
ARNT-HIF1A 0.904844997172763 0.953013708938375 1 315
IRF3 0.891580255034425 0.954523980717978 1 278
Nkx3-1 0.905164606650297 0.959301896111918 1 298
CEBPB 0.884077957925272 0.961039987937903 1 301
FOSL2-JUN(var.2) 0.886335302957863 0.961220756501662 1 305
HOXA5 0.898325576761054 0.962956872628494 1 306
CREB3L1 0.898015488293209 0.966632683498043 1 299
TBX21 0.901475982906253 0.967574289085928 1 306
Bcl6 0.894303593310643 0.971558690837274 1 293
ZBTB7A 0.89243212345804 0.972553038779399 1 286
JDP2 0.865367895651493 0.974359054986049 1 299
SPIC 0.895692720882013 0.976318494318733 1 322
ATF4 0.890576065986345 0.976843890605919 1 304
Arntl 0.877729232091369 0.976869378800361 1 302
ONECUT1 0.876540236893479 0.980991247700836 1 286
CEBPE 0.862499226444794 0.983193283017551 1 305
GATA3 0.885374995179002 0.985027874419961 1 311
ELK4 0.879040832717354 0.98752978196413 1 297
XBP1 0.874399595315164 0.988899454907887 1 297
MZF1(var.2) 0.875526222308087 0.989109987126682 1 287
TBX2 0.874008874933251 0.989763476551213 1 288
NKX2-8 0.870578584760086 0.991534772967768 1 287
JUN-JUNB(var.2) 0.838940481752101 0.992643130195622 1 271
Tcfl5 0.802904904702483 0.993082118647709 1 270
FOSL2-JUNB(var.2) 0.807694873901787 0.994000363299366 1 263
SPIB 0.859001288550449 0.994045251532605 1 264
JDP2(var.2) 0.821546239054508 0.995276506402609 1 279
TP63 0.817310213975798 0.995403347390315 1 267
E2F1 0.809026184216987 0.995803143620177 1 276
EOMES 0.853962439862049 0.99618414415659 1 277
MLX 0.819301439925201 0.996313774696006 1 285
HMBOX1 0.852875645723838 0.996452781556376 1 297
E2F3 0.795205159309469 0.996456878017638 1 261
FOSL1-JUN(var.2) 0.794065246173662 0.996721377502545 1 262
MEIS1 0.854269588392658 0.997566914909279 1 301
ZNF282 0.844594056991742 0.997597883091438 1 272
CEBPG 0.814278615732627 0.99787229605469 1 282
ELF5 0.842830275183496 0.998104315518496 1 276
NFYA 0.84280588151939 0.998265096412732 1 282
Pax2 0.84481136468347 0.998602758893624 1 299
FOS-JUN(var.2) 0.809717287990728 0.998615379087617 1 263
NFATC2 0.835193753973269 0.998833215291617 1 266
Pax6 0.824266312815789 0.99905610287802 1 269
IRF9 0.82260711699263 0.999115446271502 1 276
HOXC10 0.832348655888688 0.9991558421576 1 292
Six3 0.821356233984602 0.999196134731445 1 264
Srebf1(var.2) 0.784486664988069 0.999217960396547 1 275
PRDM1 0.82600987554753 0.999501450769437 1 282
MYB 0.823119941126084 0.999578418372761 1 283
FOSB-JUN 0.773709737159931 0.999750957888346 1 254
GLIS2 0.804084122778748 0.999753302372632 1 260
FOSB-JUNB(var.2) 0.750852299694467 0.999771072349994 1 251
NFATC3 0.813407755229088 0.99978951168994 1 277
PAX1 0.798835348265249 0.999826461195863 1 259
JUNB(var.2) 0.738433242771868 0.9998297198324 1 255
Hoxa11 0.8017790349656 0.999844565075878 1 260
TFDP1 0.796784978561735 0.999909376674085 1 268
Creb5 0.752301688487102 0.999909815867849 1 259
SREBF2(var.2) 0.741958645393058 0.999929338284128 1 254
NFYB 0.78816345228313 0.999954183906375 1 263
ATF7 0.716533935716633 0.999957744518914 1 236
TBX20 0.792347444504463 0.999963935065483 1 273
FOSL2-JUND(var.2) 0.741540281893851 0.999965162263517 1 240
YY2 0.793345044108148 0.999968742426352 1 284
Atf3 0.77814791750534 0.999980031465149 1 253
RUNX2 0.776447610512935 0.999983084067302 1 249
HOXD11 0.777182447874107 0.99998572605737 1 264
CUX1 0.739137952921871 0.999988322010699 1 254
MYBL1 0.719116466344151 0.999988728747552 1 248
GRHL2 0.753768420798107 0.999991531508585 1 251
Mlxip 0.750954929723472 0.999992355517123 1 264
ELF3 0.770939216085034 0.99999380837858 1 264
EBF1 0.688879202320168 0.999996218819274 1 224
HOXC13 0.759794213216376 0.999997104397755 1 253
ETS1 0.758697679830739 0.999999186818935 1 283
GLI2 0.736751234905335 0.999999706617318 1 247
ETV6 0.733110202744976 0.999999759932657 1 240
CREB3 0.720932630643634 0.999999786955843 1 237
ETV2 0.73391781549887 0.999999825986366 1 250
HOXC11 0.730420542258119 0.999999852210015 1 248
Arnt 0.62002465577717 0.999999875921938 1 160
Gmeb1 0.654898553453155 0.999999905042992 1 209
FOSL1-JUND(var.2) 0.685824033793439 0.999999934972001 1 218
Stat6 0.698314729813877 0.999999935765978 1 243
CUX2 0.68022840668424 0.999999936895998 1 238
GRHL1 0.646232584655271 0.99999993751195 1 221
ERF 0.724222773612818 0.999999961941857 1 253
NFATC1 0.712228186268208 0.99999997629413 1 234
HSF2 0.680375389362342 0.999999980589234 1 225
TFCP2 0.620422719101418 0.999999988356369 1 203
HOXC12 0.69460926271038 0.999999998748418 1 242
MYBL2 0.598753930435782 0.999999998872395 1 193
SPDEF 0.686013882558966 0.999999999109123 1 238
EHF 0.682109121668254 0.999999999234651 1 224
ERG 0.67119416733864 0.999999999774534 1 222
Gabpa 0.67267818974228 0.999999999775365 1 228
HOXD12 0.677576676720924 0.999999999788749 1 231
HINFP 0.668403314886667 0.999999999822974 1 230
FLI1 0.664538874065738 0.999999999905935 1 219
IRF4 0.649908848423608 0.999999999935083 1 216
Creb3l2 0.620523152542635 0.999999999971518 1 216
E2F7 0.628957553740069 0.999999999988184 1 206
GLIS3 0.645359886200854 0.999999999993058 1 213
IRF8 0.631378302130195 0.999999999994751 1 207
HSF1 0.61765585118916 0.999999999995636 1 206
HSF4 0.621832911042278 0.999999999995844 1 212
NFKB2 0.471295802160306 0.999999999998738 1 160
ZBTB7C 0.631736946508882 0.999999999998812 1 209
PROX1 0.567516727247449 0.999999999999382 1 186
HIF1A 0.588023763320577 0.999999999999413 1 196
NFKB1 0.489737633704261 0.999999999999461 1 165
FEV 0.622629298016119 0.999999999999825 1 208
ETV3 0.624026994485452 0.999999999999861 1 209
ELF1 0.624760359452312 0.999999999999869 1 211
GLIS1 0.616466617046065 0.999999999999874 1 204
ZBED1 0.561182761165248 0.999999999999932 1 191
ETV4 0.617632742178505 0.999999999999953 1 211
REL 0.587148000888346 0.999999999999987 1 202
ELF4 0.585094152891988 0.999999999999998 1 197
RELA 0.528146580759893 0.999999999999999 1 182
ZBTB33 0.481080093268087 1 1 158
Atf1 0.412677606570181 1 1 140
Crem 0.547561941279239 1 1 181
CENPB 0.3945577460933 1 1 133
ZBTB7B 0.463734025324141 1 1 157
ELK3 0.529841172367654 1 1 175
ETV1 0.534829569722469 1 1 181
ETV5 0.531952866827793 1 1 176
GMEB2 0.437015546973259 1 1 155
E2F8 0.534083003695977 1 1 179
ELK1 0.551058845536219 1 1 192
RELB 0.543373277004744 1 1 182
IRF5 0.519261612999317 1 1 176
