TFBS-name fold-change pvalue adj-pvalue number-of-hits
NR2F1 3.61834065084581 5.67406476581308e-280 3.43848324808273e-277 1211
NR2F2 3.41301195102841 1.53825827056279e-243 4.66092255980526e-241 1112
RARA-RXRA-DR0 3.44753714865897 1.97471896823558e-226 3.98893231583587e-224 1132
RORA 3.2255616268072 7.76131775012557e-220 1.17583963914402e-217 1074
NR4A2 3.10607722430305 1.68567288807445e-216 2.04303554034623e-214 1099
Nr5a2 3.23476970833608 3.9233097935166e-208 3.96254289145176e-206 1078
Esrrg 3.03422012940917 2.30038474535475e-194 1.99147593669283e-192 1055
KLF5 3.12683033133302 7.27238102136319e-192 5.50882862368262e-190 1055
Pou2f3 3.42874252338755 3.77569758064067e-187 2.54230303763138e-185 1128
POU5F1B 3.0360266177913 2.52271184054483e-161 1.52876337537017e-159 1018
POU3F1 3.20375993041759 3.04744775147519e-161 1.67886667035815e-159 1067
Pou5f1-Sox2 3.05680476050753 7.90080637677625e-161 3.98990722027201e-159 1027
SP1 2.95293478589832 1.71204507647698e-154 7.98076397188501e-153 1025
POU3F2 3.03620038910166 1.41812332555403e-149 6.13844810918387e-148 1007
POU1F1 3.05862579948076 2.71288478895613e-147 1.09600545473828e-145 1008
POU5F1 2.88607264357029 3.80690162716643e-144 1.44186399128929e-142 965
POU2F1 2.94778658877527 3.55312111894193e-143 1.26658317534048e-141 993
POU3F4 2.81430495065283 7.78545324182244e-141 2.62110259141356e-139 964
POU2F2 2.92621502970173 5.33650182530181e-138 1.70206321375416e-136 989
NR4A1 2.66134735127149 1.86009840269061e-136 5.63609816015254e-135 892
ESRRB 2.69255475756391 7.66455690746648e-136 2.21177213615461e-134 895
POU3F3 2.98447719446322 2.18065368066426e-130 6.00670968401156e-129 965
SOX15 2.64524503124881 6.38867629471959e-130 1.68327731939134e-128 894
Esrra 2.63375970714605 1.66092176670731e-127 4.19382746093595e-126 886
ASCL1 3.13520661137282 2.06689497803148e-120 5.01015342674831e-119 1035
Pparg-Rxra 2.56706362949383 3.14335050420851e-111 7.32642463673215e-110 821
RARA-RXRA-DR6 2.58542411421209 3.11707581417316e-109 6.99610349403308e-108 857
SP2 2.60483741590481 1.16651412782386e-105 2.52370330752192e-104 885
RARA-RXRA 2.54535781692805 1.20771280392963e-105 2.52370330752192e-104 820
Klf1 2.3401881717145 1.84166375361852e-98 3.7201607823094e-97 846
Sox3 2.33536493561163 3.89688313984959e-95 7.61777800886726e-94 810
RARA(var.2) 2.46005872313474 7.34598498916287e-94 1.39114590732272e-92 793
SP3 2.44760378468887 1.22044583494106e-92 2.24118235143722e-91 822
NR2C2 2.41604628968974 1.83205717465339e-92 3.26537249364692e-91 804
Nr2f6 2.38155824205246 3.54883241785939e-91 6.14454984349369e-90 806
RARA-RXRG 2.42441245863095 2.83431329831655e-89 4.77109405216619e-88 773
Rarb(var.2) 2.40741634548782 2.99765392503006e-88 4.90967102315734e-87 787
Rxra 2.34344241921186 4.77538394900822e-88 7.61548071868152e-87 799
ESR2 2.509092848512 1.37848449826568e-87 2.14195283576668e-86 829
RXRB 2.35708617019595 5.21653998081121e-87 7.90305807092898e-86 779
RARA-RXRA-DR5 2.39388616054095 1.87327385831289e-85 2.76879014179905e-84 762
SRY 2.30779764327777 4.84748654955138e-84 6.99423059292414e-83 754
RXRG 2.32988193902103 4.31129437214027e-83 6.07591718492327e-82 763
ZNF263 2.90731722851434 1.61807941658173e-82 2.22853665101939e-81 981
Nr2f6(var.2) 2.31192684160491 1.38660264183116e-81 1.86729155766597e-80 763
Myod1 2.45877433544853 1.56586716953627e-80 2.06285979291083e-79 820
KLF16 2.39442221124577 5.00455407550469e-80 6.45268036118265e-79 795
Ascl2 2.74984243922618 3.06936667101488e-78 3.87507542215628e-77 911
HNF4G 2.27100642186598 6.75811514312782e-77 8.35799546272542e-76 727
Rarb 2.29040683275535 8.7808018958336e-77 1.06423318977503e-75 752
RARA 2.24845186680978 4.64270245630876e-76 5.51662291867277e-75 745
Tcf12 2.38970363271026 1.00037419937317e-75 1.1658207015772e-74 794
Rarg 2.26503089535517 1.83425392524451e-75 2.09727901641165e-74 751
NHLH1 2.65796487787591 2.81305631702655e-75 3.1568743113298e-74 897
Myog 2.38771873043196 1.12742348866759e-74 1.24221569842283e-73 781
SP8 2.25880589825469 1.80807046476191e-68 1.95659053865307e-67 726
Sox6 2.02759946099315 7.97944961800178e-67 8.48341485703347e-66 767
RREB1 2.8072540982483 9.69203468403201e-67 1.01265052043507e-65 921
RARA-RXRA-IR3 2.27041642108828 4.04903572892709e-60 4.15884008767766e-59 769
KLF9 2.16981040999505 3.57737762764361e-59 3.61315140392004e-58 715
SOX10 1.98276397006787 2.08993966513259e-55 2.07623514273827e-54 671
SOX13 1.98032410757282 3.24700135091707e-55 3.17368196557378e-54 683
Rarg(var.2) 2.04638467437686 2.30090059513341e-53 2.21324723912833e-52 662
NR1H2-RXRA 2.02536291424679 1.31650824611642e-52 1.24656874554149e-51 672
FOXA1 2.00822391226684 5.37912606823855e-52 5.01500061131163e-51 668
Zfx 2.09805480011523 5.33582958334546e-51 4.89926170834447e-50 718
FOXC2 2.00059782397207 7.66528419640408e-50 6.93307794480727e-49 677
ESR1 2.22203730332199 3.86843822564782e-48 3.44746112462144e-47 736
NRL 1.90988186542316 2.8176044007405e-47 2.47459169108514e-46 652
Sox2 1.8513228507947 3.35123563426973e-47 2.90121256338208e-46 671
Hnf4a 1.9171035574257 3.53434908910286e-46 3.01664161689624e-45 631
EWSR1-FLI1 2.27470643988032 6.16821135449575e-45 5.19157789003392e-44 730
MEF2A 2.08833341971951 1.14004529037856e-44 9.4639376160193e-44 714
RARA-RXRA-ER2 2.09127199415492 2.46455668904317e-44 2.01827209940562e-43 673
MEF2C 1.93820696956483 7.91082620204325e-43 6.39194757125095e-42 629
Foxj3 1.93174418567005 1.07873797396268e-42 8.6015159502814e-42 636
ZNF384 2.57549637426301 4.33459046168294e-42 3.41137898672709e-41 901
TCF7L1 1.83447663491472 6.24048471101021e-41 4.84837658316947e-40 620
RARA-RXRA-DR4 1.88993057890669 9.75498302884332e-41 7.48293634870766e-40 615
FOXB1 1.93124853954671 2.03793573295037e-40 1.5437363177099e-39 640
ZNF740 2.35210621496014 2.83935337458016e-40 2.12425696913035e-39 803
Hoxb5 2.03082887475116 6.98896617724423e-40 5.16501646757317e-39 680
RARA-RXRA-DR2 1.8407752778599 9.05463872243869e-40 6.61097718770825e-39 626
MEF2D 1.96679146648303 1.99829900109327e-39 1.44162999364586e-38 679
FOXC1 1.85355739665666 2.82948907086888e-39 2.01725926699593e-38 639
POU4F2 1.97714951401441 7.80789353072204e-37 5.50184125536925e-36 654
Foxd3 1.87579692764277 2.16601541839831e-36 1.50874177419469e-35 626
TFAP2C(var.2) 2.04308884908944 4.29391467827852e-35 2.95694578981452e-34 707
TFAP2B(var.2) 2.00158436354884 4.7030096458403e-34 3.20227398357216e-33 694
SP4 1.78247673497461 1.95757248655438e-33 1.31809880761328e-32 589
PPARA-RXRA 1.77668434123972 3.97493001455553e-33 2.64704130639632e-32 576
TEAD3 1.71418698135743 2.78204138451482e-32 1.83251856414781e-31 602
RARA-RXRA-IR5 1.89634950206054 4.86352035590161e-32 3.16913261900686e-31 615
SOX9 1.72665173643985 5.30140055157075e-32 3.41771141941689e-31 604
TFAP2A 1.93176083133768 5.63586942360636e-32 3.59509144284785e-31 654
IRF1 1.87980614076999 2.14279192072031e-31 1.3526373999547e-30 613
TEAD4 1.71609247857311 2.49965806803697e-31 1.56164205075299e-30 582
POU4F3 2.03216268144907 4.35518802025671e-31 2.69310606150568e-30 656
FOXP3 1.73699160908964 6.63576624656541e-31 4.06189327820064e-30 573
TEAD1 1.69596593636827 3.51993370629953e-30 2.13307982601752e-29 569
POU4F1 2.0063809176089 3.79790315702535e-30 2.27874189421521e-29 665
Klf12 1.71272974558029 6.1003147345025e-30 3.6243046363809e-29 558
TCF4 1.77586150635267 7.70965752542178e-30 4.53597326252971e-29 576
THAP1 1.68856338372303 1.0181846185944e-29 5.93288345065582e-29 563
Sox5 1.65833946880934 7.87343677359347e-29 4.54409779504537e-28 590
ZBTB7A 1.7068544459145 1.25034133633393e-28 7.14817782847511e-28 547
RARA-RXRA-DR3 1.70765128577432 1.67496328437432e-28 9.48624065729754e-28 568
LEF1 1.68397595368287 1.26372020712505e-27 6.99214547518553e-27 543
Hoxd3 1.82571500498536 1.26439711536556e-27 6.99214547518553e-27 595
ELK4 1.66337019524294 1.26920132387856e-27 6.99214547518553e-27 562
TBP 1.82971908181392 5.78258985441674e-27 3.15698148808697e-26 618
RAX 1.79653891371412 1.67145347275889e-26 9.04375718296329e-26 596
Bhlha15 1.81316965401531 2.10095402256341e-26 1.12670631652515e-25 638
Foxa2 1.65216783053229 4.26577205474359e-26 2.26759461857422e-25 562
CDX2 1.64102072531866 1.0556227553625e-25 5.56267295434499e-25 548
RARA-RXRA-DR8 1.69211566905785 1.133976179873e-25 5.92404797416413e-25 536
Arid3b 1.91189771065835 1.22107169216991e-25 6.32452517482878e-25 637
MEF2B 1.76164514946547 2.65519000845601e-25 1.36359758061385e-24 588
Hoxd8 1.99624897618514 8.57638148132726e-25 4.36746821654144e-24 650
GSX2 1.70448656757133 1.00544282504438e-24 5.07748626647412e-24 592
LIN54 1.77740670483405 1.22019669512837e-24 6.11106774584952e-24 602
RARA-RXRA-ER1 1.7621048277954 1.39409900729187e-24 6.92478687228585e-24 575
MNX1 1.71357684151038 1.99533199603362e-23 9.83066007801928e-23 584
TCF3 1.69219170509878 3.10917121045293e-23 1.51948205930199e-22 549
Dlx1 1.77489931867747 3.36981956506275e-23 1.63368852514242e-22 581
RARA-RXRA-DR1 1.62373191713626 3.9433349627185e-23 1.89655633921223e-22 534
RARA-RXRA-IR8 1.74183166499406 5.01778064464679e-23 2.39431107925666e-22 562
RARA-RXRA-IR0 1.69925760733508 5.73210439992424e-23 2.71379317683913e-22 587
NEUROD1 1.62060730191504 6.37718276006557e-23 2.99579283147266e-22 551
ID4 1.6207277530324 1.70491456503834e-22 7.94752481856332e-22 552
Nr2e1 1.57087874276021 2.04777043601704e-22 9.4728922460025e-22 547
TCF7L2 1.5597775774067 7.02609584773681e-22 3.22561673009735e-21 559
CTCFL 1.61154219190936 9.92585871405808e-22 4.52260930881143e-21 529
EVX1 1.66442912098338 1.87109314523163e-21 8.46180929858483e-21 574
RARA-RXRA-DR7 1.60158740976977 9.08093903915877e-21 4.07633263535571e-20 519
NR1H4 1.55800443788074 1.22178290826119e-20 5.4441209000462e-20 528
ESX1 1.67637197798074 1.82670719401496e-20 8.08017926695667e-20 551
Barhl1 1.57182147372442 3.89488385935246e-20 1.71036204258521e-19 547
ZEB1 1.55923501093785 3.93657471859671e-20 1.71623329458245e-19 544
Tcf7 1.54660928117971 3.99630369253655e-20 1.72982859834082e-19 530
Bach1-Mafk 1.59938253026317 7.201122603094e-20 3.09495056558508e-19 516
BACH2 1.61630629751928 1.17720805950255e-19 5.02385974689118e-19 534
Foxq1 1.54270272217807 1.39521645343697e-19 5.91259559987975e-19 536
GSX1 1.6226377430471 2.02231698144006e-19 8.51058396356027e-19 543
Mafb 1.54822486346354 3.01272976768477e-19 1.2529612271424e-18 502
HOXB3 1.60137218536733 3.01868546473253e-19 1.2529612271424e-18 530
ZIC3 1.57625849686721 4.39377365210591e-19 1.81131077086815e-18 508
NFIC 1.53577019341325 4.46270501453997e-19 1.82729678298055e-18 516
TEAD2 1.52142245030939 1.21261507175315e-18 4.93184384887522e-18 517
TWIST1 1.55933141391548 1.35605602358089e-18 5.47846633526679e-18 507
NOTO 1.64776073594462 2.19974499593523e-18 8.82811567905131e-18 551
LBX2 1.60949037083212 5.01112728694345e-18 1.99785732624193e-17 523
GBX2 1.58969615842586 7.06123643009723e-18 2.79680344878361e-17 536
MAFK 1.74040599943697 8.73251882974558e-18 3.43630286417261e-17 541
mix-a 1.64990930055708 1.55799876104408e-17 6.09127257543686e-17 566
Dlx4 1.59905770792042 2.01323937670443e-17 7.82066065565952e-17 523
GBX1 1.62374351983713 2.30734730942847e-17 8.90606668480033e-17 513
PROP1 1.69836761177916 3.60534860855807e-17 1.38281092201657e-16 569
ZIC1 1.5291533978528 5.01071402972735e-17 1.90974383774514e-16 506
FOXP2 1.49246681417218 7.40810104783551e-17 2.8058182718677e-16 518
INSM1 1.49941764434583 7.66417610139362e-17 2.88477684313325e-16 500
TFAP4 1.67417981966357 1.60631407969451e-16 6.00880452033872e-16 560
RARA-RXRA-IR4 1.58028222306048 5.71624903617083e-16 2.12518215700584e-15 524
KLF4 1.48331706816129 7.83366482733589e-16 2.89463468619851e-15 493
FOXK2 1.50315324624199 8.08284579656624e-16 2.96860881982978e-15 482
Hand1-Tcf3 1.46918179777035 1.20987021176019e-15 4.41675511040167e-15 497
PPARG 1.54550303486847 3.04051476528143e-15 1.10332451961709e-14 502
Foxj2 1.47432274544333 3.32543986946996e-15 1.19953366720166e-14 485
EMX2 1.5851047491184 3.54340259887459e-15 1.27059288456686e-14 533
MEOX2 1.55561745485296 3.99631681022841e-15 1.42456940411672e-14 530
EMX1 1.5583219945226 4.08282572361192e-15 1.44550906833701e-14 546
RARA-RXRA-IR7 1.56642679203426 4.10276501244167e-15 1.44550906833701e-14 517
GATA2 1.47290876996201 5.08717473605469e-15 1.78198143933477e-14 479
GSC 1.46813739221508 5.36671262977753e-15 1.86909646761217e-14 488
LMX1B 1.56259673482306 8.11630447253191e-15 2.81056029163105e-14 535
MAFF 1.6391839220072 8.20278798497984e-15 2.82436904482829e-14 533
E2F6 1.46266889176423 9.72954357780745e-15 3.33113186901204e-14 494
HOXA13 1.46882353408637 1.39945812149322e-14 4.76444731249939e-14 505
KLF14 1.46469065111735 1.50296753635941e-14 5.08825881024472e-14 494
Nr1h3-Rxra 1.47594903809217 1.59805068408283e-14 5.38010396974554e-14 493
HOXA10 1.48761322792946 2.25900415697919e-14 7.56329568579774e-14 495
Nkx2-5 1.47793237215387 2.41064133550841e-14 8.02664093031923e-14 514
Dlx2 1.54430809759386 2.67360633386327e-14 8.85358163017019e-14 520
NKX6-2 1.49931169905695 2.92674442947129e-14 9.63916915358479e-14 521
RORA(var.2) 1.4494215501214 4.41035080946163e-14 1.444687886775e-13 482
NKX6-1 1.49945644956472 6.40581244431015e-14 2.08705502217847e-13 528
NFIC-TLX1 1.5217982593184 6.44546519732812e-14 2.08874433667425e-13 511
TFAP2B 1.60631951289834 7.41095245199916e-14 2.3888495669742e-13 555
FOXK1 1.44745379313337 7.71870560330753e-14 2.47488655852083e-13 483
Sox17 1.448352670116 7.95642943541258e-14 2.53768223045264e-13 462
FIGLA 1.52518375153376 8.34667108863623e-14 2.64821082707516e-13 512
HOXA2 1.49640205938021 8.73366903877195e-14 2.7565642903624e-13 496
EVX2 1.51104021473576 8.86728962567128e-14 2.78423705344912e-13 496
HOXB2 1.49743806787584 1.09355101423485e-13 3.41593770425938e-13 499
ISX 1.52236904966321 1.30944012946254e-13 4.06933701771434e-13 505
MEOX1 1.51417930863591 1.426910447034e-13 4.41177413725819e-13 531
Dlx3 1.51227146688673 1.93798300830171e-13 5.96151118289766e-13 478
MIXL1 1.55091530003052 2.0180023450249e-13 6.17631020750044e-13 517
LHX2 1.55346004835666 2.12554078159488e-13 6.47275232988189e-13 525
VAX2 1.53172311570932 2.17995325373722e-13 6.60525835882377e-13 494
ALX3 1.52022199702851 2.61414458328306e-13 7.88145083318177e-13 517
Hoxd9 1.46041874849246 3.19498274688669e-13 9.58494824066006e-13 495
Nobox 1.46846222904363 3.92451878492841e-13 1.17155585402296e-12 503
TFAP2A(var.2) 1.57910060566939 4.55037556761325e-13 1.35172921273217e-12 513
EGR3 1.45785667987167 5.19987579145649e-13 1.53713401445007e-12 476
VAX1 1.50471200332124 6.47772140443786e-13 1.90558212188803e-12 535
TFAP2C 1.58591762047105 6.78754352683725e-13 1.98707796003062e-12 545
ZIC4 1.44299000408613 8.19141159447802e-13 2.38653626262196e-12 475
NFIA 1.43843896418464 1.04365862211455e-12 3.02611064593978e-12 454
SHOX 1.47299010598008 1.97729857461219e-12 5.70591874388088e-12 521
DMRT3 1.40877594190557 2.82426552288829e-12 8.11139766289244e-12 475
LHX9 1.48088253788283 3.88643843677518e-12 1.11093476070083e-11 501
LMX1A 1.57650456208742 3.98349828522535e-12 1.13333331495144e-11 542
FOXF2 1.40661950821347 4.95355423249572e-12 1.4027354508843e-11 480
FOXG1 1.40041669616007 5.12916649562696e-12 1.44570925411625e-11 471
POU6F2 1.4230073644896 5.25896387537388e-12 1.47543153170212e-11 500
Sox1 1.49087752097828 6.31886379820208e-12 1.76462279341496e-11 489
PBX1 1.42365963532657 1.41744846735713e-11 3.94024665696523e-11 473
DLX6 1.44719752191327 1.47989914668899e-11 4.09506339220788e-11 474
MSC 1.48865747468354 1.64225002850629e-11 4.51870955148351e-11 507
EGR4 1.42846202430086 1.64791222917138e-11 4.51870955148351e-11 471
Alx4 1.52549139027211 2.28240357725274e-11 6.2303449000683e-11 492
ZBTB18 1.39616704295896 2.88064434654929e-11 7.82811871752855e-11 465
CDX1 1.40246793326283 3.04277770087834e-11 8.23180038719766e-11 473
HNF1B 1.54043629053655 3.24035756458235e-11 8.72736304060847e-11 509
Lhx3 1.54890460330369 3.35086897481482e-11 8.98507344574239e-11 524
Gata1 1.37908878143506 3.61158042476297e-11 9.64148782998395e-11 478
HESX1 1.43628560401237 3.81821103463927e-11 1.01484030131202e-10 560
EN2 1.42235663746438 4.05902528404401e-11 1.07413507516623e-10 498
HNF1A 1.54428790951672 4.90388773841835e-11 1.29206781281805e-10 512
Alx1 1.52688696549848 6.17851317165826e-11 1.62085670217528e-10 485
BARX1 1.39840016246625 6.35443768101146e-11 1.65982294598834e-10 467
PHOX2A 1.48152348147223 9.50015143593679e-11 2.47085483698614e-10 486
RUNX1 1.37342833525937 1.08866665972178e-10 2.81885553333238e-10 459
PDX1 1.38768136179811 1.09312054510414e-10 2.81885553333238e-10 486
BSX 1.39150031079727 1.51733796176648e-10 3.89621527470544e-10 464
ZSCAN4 1.38101404346721 1.78602835178967e-10 4.56680667166473e-10 461
MSX2 1.39631689932523 3.94010291729769e-10 1.00323628902622e-09 431
MZF1(var.2) 1.36362446470981 4.30822359217831e-10 1.09237803215902e-09 447
HIC2 1.35888125617024 4.49825311071111e-10 1.13580891045456e-09 455
LHX6 1.49504773456052 5.14077672350136e-10 1.29266003918748e-09 511
SNAI2 1.34692623916329 1.36165953192714e-09 3.40977552209855e-09 456
STAT1-STAT2 1.37198374131374 1.5175975631259e-09 3.78462602162261e-09 450
HOXD13 1.36270166363168 1.84446242219815e-09 4.58091896660688e-09 465
PRRX1 1.41026377009504 2.05888200190718e-09 5.09258160471734e-09 491
Nfe2l2 1.35189438139604 2.66800342951547e-09 6.57239869222104e-09 452
SOX21 1.40254894338797 2.78181265754249e-09 6.82501405048885e-09 464
Lhx4 1.43096261721435 4.18015629828377e-09 1.02144141804837e-08 491
GSC2 1.33811255912566 4.38095768038056e-09 1.06386358499882e-08 467
Phox2b 1.42452067392351 4.38887617573771e-09 1.06386358499882e-08 493
ZNF24 1.40941417388555 5.64594203834621e-09 1.36312385467642e-08 471
VDR 1.33822232123072 7.24314998891708e-09 1.74180511638244e-08 428
Arid3a 1.34084192091486 9.28564814695571e-09 2.22415129527872e-08 466
STAT3 1.35846845523317 1.13244608652834e-08 2.70182019069361e-08 470
Shox2 1.39098813587907 1.23619489676979e-08 2.93778081349998e-08 468
MSX1 1.35697663440906 1.27113807530791e-08 3.00902216264293e-08 456
NFIX 1.32817449485772 1.47042606250863e-08 3.46723032638221e-08 437
Gfi1b 1.32309922379094 1.97854416669009e-08 4.64727815896974e-08 443
MAFG 1.46513312361004 2.57217395352183e-08 6.01829118082713e-08 454
HOXB13 1.3264417435444 2.59182031679612e-08 6.04093504607097e-08 463
ISL2 1.31721478942091 2.61853421602161e-08 6.07981507628006e-08 466
Hoxa9 1.32574214183728 2.80344430895606e-08 6.48430248560066e-08 442
FOXL1 1.32454842072276 2.83044516035638e-08 6.52186223260823e-08 436
Gabpa 1.32175363598483 2.9762854550612e-08 6.83192797639047e-08 448
Msx3 1.34138885230146 3.16735736503273e-08 7.24308891777295e-08 445
RORC 1.32265596692136 3.74040075425734e-08 8.52136412436072e-08 426
MAF-NFE2 1.32709202820706 4.04881222890628e-08 9.18943899145021e-08 443
Hic1 1.30757392855256 4.17434826577747e-08 9.43901137709384e-08 451
REST 1.32958101852888 5.94821334164853e-08 1.34000642566506e-07 416
Tcf21 1.42084098158396 8.295116244722e-08 1.86179275714872e-07 473
Rhox11 1.32794552526525 1.08121139930479e-07 2.41776423608377e-07 417
NRF1 1.38602097803714 1.14473056723786e-07 2.55039236671377e-07 478
Prrx2 1.35149707210334 1.1582145248735e-07 2.57098169257634e-07 455
FOXP1 1.30723532427385 1.31806253969201e-07 2.9151310184429e-07 428
VSX1 1.3599998225943 1.35657640188133e-07 2.98940108923668e-07 481
Pitx1 1.29775938256377 1.51381247954735e-07 3.32380566161484e-07 441
RORB 1.2974891801312 2.17256823084718e-07 4.7529832053913e-07 428
RFX3 1.41336701607854 2.26273239459364e-07 4.93243104720773e-07 457
FOXD2 1.29453845607275 2.40568176890306e-07 5.22524427224106e-07 437
SPI1 1.29737120716413 2.41728840472928e-07 5.23170276166408e-07 433
POU6F1 1.42175987153281 4.61949531333847e-07 9.96232797111428e-07 496
ONECUT3 1.30923052779228 7.04023706690843e-07 1.51290200799522e-06 431
Arx 1.37853034851732 7.59200746734379e-07 1.62570901950895e-06 455
MAFG-NFE2L1 1.27513717475518 9.66091989262233e-07 2.05847458942487e-06 443
Foxo1 1.27192539799064 9.68094485125557e-07 2.05847458942487e-06 447
CTCF 1.30140776526108 1.12651040566835e-06 2.38694162879378e-06 407
RAX2 1.33031517619332 1.27121499909393e-06 2.68416825592655e-06 468
Atoh1 1.35438152016399 1.54752825039008e-06 3.25625736019579e-06 459
VSX2 1.33627073658034 2.38606569360983e-06 5.00330730217149e-06 439
ELF5 1.26729914565634 2.80891846361457e-06 5.86967099638079e-06 415
TFAP2B(var.3) 1.36485167789491 3.18636108602745e-06 6.63551483894376e-06 470
LBX1 1.28277020837895 3.67296192611372e-06 7.60806823436009e-06 433
SPIB 1.27223296902737 3.67848843674506e-06 7.60806823436009e-06 391
RARA-RXRA-ER8 1.32124083258004 3.79910233740896e-06 7.83080277710827e-06 423
NFIL3 1.2911883718242 5.42010569946843e-06 1.11341832334843e-05 446
Sox11 1.27794045036878 5.49753103443187e-06 1.12550804286004e-05 419
RARA-RXRA-ER7 1.30693803970483 7.13394941454094e-06 1.45561392094674e-05 428
SOX4 1.26966429749881 9.26336012881746e-06 1.88375712686691e-05 420
RARA-RXRA-IR6 1.30586237762691 9.39907573230262e-06 1.9048146117317e-05 414
TP53 1.35455317914286 9.42977530560247e-06 1.9048146117317e-05 444
RARA-RXRA-ER6 1.30693267267904 1.00396306163173e-05 2.02126782507917e-05 411
ZNF354C 1.27464658417379 1.04168868937736e-05 2.09027597934663e-05 338
PITX3 1.24369446928856 1.13532444523586e-05 2.27064889047171e-05 436
RARA-RXRA-ER0 1.28793328059244 1.13942776921441e-05 2.27135930310505e-05 441
GATA1-TAL1 1.25606614648495 1.24962181069907e-05 2.48285513863487e-05 408
EN1 1.26808196798694 1.28118724867699e-05 2.53725317875247e-05 451
PBX2 1.2417430291478 1.36682777438166e-05 2.69803788689018e-05 429
EGR1 1.25641347365475 1.41771692952973e-05 2.78940408862018e-05 412
SREBF2 1.24320908561323 1.52643628503503e-05 2.99359349103957e-05 428
ETS1 1.22517611195282 2.14163185705582e-05 4.18654485605105e-05 457
HLTF 1.2393025790583 2.21198049507125e-05 4.31016135052469e-05 420
Hmx3 1.26772421892404 2.36852234967502e-05 4.60039917917648e-05 414
YY1 1.23449932548628 2.57870919524087e-05 4.99264463998712e-05 415
ZNF282 1.23894495860186 3.02311093617263e-05 5.83441155197647e-05 399
Hmx2 1.25572056692361 3.13983446684059e-05 6.04044345049332e-05 412
UNCX 1.28647096191609 4.71755740501828e-05 9.04696135266165e-05 414
ETV6 1.22490496375306 5.66108971019853e-05 0.000108221462598748 401
EHF 1.22109713298647 7.73614895780741e-05 0.000147424725422368 401
FOXO4 1.2116512953293 7.91210034125618e-05 0.000150305103661481 429
RFX4 1.29188441400307 9.07943773807163e-05 0.000171941852164732 420
PLAG1 1.24709997823706 0.000100478970742297 0.000189689271868635 412
Hmx1 1.23695948992437 0.000100851970291956 0.000189802155269955 405
Arid5a 1.26169694773247 0.000109577075232811 0.000205584234028122 457
BHLHE23 1.28170994315436 0.00011344056104762 0.000212175864181659 439
FOSL1 1.24943780527592 0.000128717127470061 0.000240007936144175 431
Hoxc9 1.21596446795304 0.000140018640959158 0.000260280050371932 407
RFX2 1.28304813214502 0.000237879178199068 0.000440840311891851 427
Crx 1.19657331758141 0.000290046089435902 0.00053587783596999 411
FOXO6 1.19594680128766 0.000302036094794892 0.000556333961841047 407
RFX5 1.27495222026743 0.000358826884787318 0.000658936642973076 413
ETV3 1.19431003729273 0.000378742735413068 0.000692543677894861 400
ERG 1.19726527146892 0.000380030504805756 0.000692543677894861 396
OTX2 1.19196627402114 0.000380556179437275 0.000692543677894861 421
Stat5a-Stat5b 1.21126474012866 0.000419465255919651 0.000761065703854218 400
STAT1 1.21729678064701 0.000507286545838038 0.000917658647098063 407
GATA6 1.18508181876464 0.000702659054643587 0.00126729579498218 410
ERF 1.17650418954493 0.000826949177592415 0.00148703620659052 411
TFAP2C(var.3) 1.26510742019528 0.000893583296818542 0.00160210496411845 427
GCM2 1.17853136710738 0.00103801373920404 0.00185556438335589 392
TFAP2A(var.3) 1.2527165260459 0.00109052799315673 0.00194370577603816 429
RXRA-VDR 1.17829728835052 0.00115791464847184 0.00205776034303207 394
MZF1 1.17511605032743 0.00131248349928928 0.0023256286566354 372
JUND 1.21094946029734 0.00141608057179784 0.00250187996066907 403
OTX1 1.16970671138869 0.00145315000299093 0.00255990959829216 403
FOSL2 1.20317539943691 0.00155472074361493 0.00273090078443666 396
MYF6 1.21882156776353 0.00161905453116591 0.00283568510371833 417
FLI1 1.16521884767691 0.00231148182351688 0.00403676652752515 384
BARHL2 1.1692817850254 0.0025358010714463 0.00441579152096683 389
TAL1-TCF3 1.18890002297324 0.00256643612371685 0.00445633321195534 397
ONECUT2 1.17606670361809 0.00265433044767396 0.00459578357511549 398
FOSL1-JUND 1.18268842501804 0.00271582973027383 0.00468886842320781 400
NR4A2-RXRA 1.19214680142839 0.00302293300552272 0.00520425398109877 391
PAX4 1.20035014649859 0.00337370993878463 0.00579169468244614 397
RHOXF1 1.15309276482827 0.00353117802358968 0.00604489797258572 390
RARA-RXRA-ER3 1.17795886118225 0.00440938414852205 0.00752700505353341 396
Rfx1 1.16798233843573 0.00444761845257644 0.00757094601758798 385
RARA-RXRA-IR2 1.1822444007235 0.00449227372843621 0.00762554027852197 384
E2F4 1.15402148605191 0.00511435990662253 0.00865726844528842 389
FOXH1 1.14697480944987 0.00530215898606471 0.00895016252243792 384
Smad4 1.15456349964763 0.00549691333025729 0.00925313743926643 357
Mecom 1.15530229531141 0.0057392771093995 0.00963435437201134 389
FOXI1 1.13830215301947 0.00622005958275923 0.0104125859313594 405
JUN(var.2) 1.17083385120763 0.00636427803708534 0.0106246625081921 379
BCL6B 1.14657410374383 0.00698179515323325 0.0116235380847784 383
SCRT2 1.14230191518919 0.00732015714029747 0.012153466375398 376
FOXD1 1.1352090256729 0.0080635559026044 0.0133511335436565 390
FOSL1-JUNB 1.17136197435241 0.00839440681997734 0.0138610641223604 372
RARA-RXRA-ER4 1.16337654794376 0.00857593816290381 0.0141223329530427 383
PBX3 1.1385655289605 0.0096623874476421 0.0158683110928756 375
Twist2 1.17090423264104 0.0109280207881589 0.0178983259395251 407
NR1A4-RXRA 1.15542752120401 0.0121128086442134 0.0197853424215453 379
Ddit3-Cebpa 1.12668509985464 0.0128100106318059 0.0208679205453613 408
FOXO3 1.12574502688347 0.0135913891346155 0.0220814525886782 376
JUNB 1.14319824669147 0.014368009614324 0.0232807856317657 399
ETV4 1.124033047377 0.0151235643252172 0.024439679949551 384
Bcl6 1.12016866465872 0.0204002946924651 0.0328791983607284 367
USF1 1.13033706953033 0.0205443681416265 0.0330235731931715 383
BHLHE22 1.14906667677369 0.0223281058117472 0.0357958521743884 392
GATA5 1.1130379028357 0.0251879733126452 0.0402741736872374 363
TP73 1.15000373274846 0.0263624927580821 0.0420412384510467 368
VENTX 1.10641661193596 0.0288358682212026 0.0458649242573459 411
Stat4 1.11830166296373 0.0299896551428436 0.0475752120852441 371
ELF4 1.10484784200924 0.0329355497442013 0.0521121230939583 372
GCM1 1.10382419875161 0.0342969353534475 0.0541248511046593 383
DUX4 1.10683756065613 0.0353889440907871 0.0557031171922519 374
ELK1 1.0992475929186 0.0392135297426723 0.0615632099068896 383
NEUROD2 1.11705233659749 0.0426752497380243 0.0668248096672938 392
FEV 1.09858150178806 0.0435554949700029 0.0680273967830457 367
FOS 1.11518576628252 0.046159151137815 0.0719086004871874 367
FOS-JUN 1.11029316794064 0.0486536700412501 0.0756003180640963 380
SMAD2-SMAD3-SMAD4 1.08988362620378 0.0582779279676101 0.0903233359293394 382
Nr2e3 1.08842150733518 0.0665678661407123 0.10290848694202 436
HLF 1.1078671078327 0.0685126877654753 0.10564551853913 382
SCRT1 1.08497644740358 0.0724760120497289 0.11147325711202 358
MYC 1.10137600112365 0.0743110137255379 0.114006264095382 366
Lhx8 1.10897454846698 0.0763718950440129 0.116785652473034 382
ELF3 1.08048299224039 0.0765348085122785 0.116785652473034 370
Gata4 1.08198203592123 0.0767008080598474 0.116785652473034 360
ONECUT1 1.08801323110904 0.0811894296041404 0.123310261504033 355
BATF-JUN 1.08618201796164 0.0850661592207262 0.1288752312194 367
RARA-RXRA-ER5 1.09413823524087 0.0860133784558299 0.129985305097838 352
CEBPA 1.07901686814589 0.0869196450636825 0.131028121663163 375
EGR2 1.07937483933273 0.0915797702724054 0.137710523039895 356
FOSL1-JUN 1.08601255336398 0.0964407710303015 0.144661156545452 355
FOSL2-JUNB 1.08339647917889 0.108487624600465 0.162329630883659 378
NEUROG2 1.08511509379533 0.116067951013571 0.173244281562128 369
IRF3 1.08080052498777 0.116457364230993 0.173312366329684 337
FOSL2-JUN 1.07720659569368 0.1166855535685 0.173312366329684 390
CREB1 1.09470867299753 0.125732306310525 0.186292854826841 356
Neurog1 1.07863583998139 0.134119447040333 0.198235085137664 348
TBX19 1.08326580076447 0.149756855649183 0.220809378402446 346
SPIC 1.05702867681728 0.151829410305409 0.22320081003607 380
OLIG1 1.07873604182314 0.152115403539434 0.22320081003607 360
JUN-JUNB 1.05957163041617 0.174035240572874 0.254747236200873 341
RARA-RXRA-IR1 1.06138310651997 0.179923003139447 0.262730939524108 352
Spz1 1.04892520981823 0.193852539730335 0.282390959318709 355
FOS-JUND 1.05604235912544 0.196293455523945 0.285260992919689 353
TFDP1 1.04949663221005 0.197784259681943 0.286739859730281 353
FOS-JUNB 1.05751776209456 0.20656210285858 0.298750917260858 347
REL 1.04930905109254 0.210087980875863 0.303126943835174 361
GATA3 1.04479943160995 0.211386334390586 0.304275816248683 367
ZNF143 1.04621894201018 0.216232049764934 0.310513322648223 345
DBP 1.0576461775132 0.227943914219572 0.326557948030876 350
Znf423 1.0491223240962 0.248579654266788 0.355281298315267 341
Npas2 1.04311143039012 0.250529399014671 0.357225448947978 388
FOSL2-JUND 1.04504751092492 0.253561100716333 0.360699593976755 352
ELK3 1.0384886978406 0.254349249961239 0.360973408610096 343
PAX5 1.03808860448195 0.255621488576908 0.361931359994407 353
ETV1 1.03715568493142 0.260189882675359 0.367394260626214 351
Dmbx1 1.03946942874984 0.260692297144013 0.367394260626214 328
JUN 1.03916650424991 0.267641103640971 0.376312085397746 347
TEF 1.04535669919417 0.273068106785449 0.383053872018478 345
IRF7 1.0309068035034 0.303306554931867 0.424489081498179 345
JDP2 1.03033769515696 0.338447660528692 0.471784968732154 356
JUND(var.2) 1.02822861401352 0.33865752706021 0.471784968732154 331
PKNOX2 1.0276857770086 0.345787551328704 0.480612972718336 346
OLIG2 1.01836602999662 0.399688087534526 0.554258537862524 357
NFATC3 1.01308908142251 0.412885582392816 0.571252655091431 345
ELF1 1.0126447532355 0.416663481400694 0.575166445851527 342
TGIF2 1.01493459553238 0.421131988913399 0.580013602912544 342
Dux 1.01112282806078 0.431835192844347 0.59340618336434 307
TFEB 1.01022981950428 0.445420523205191 0.610689676611641 334
NFAT5 1.00739082105324 0.453590033666201 0.620486592328934 345
IRF2 1.00089410011364 0.499940901539303 0.68235177101986 322
SOX8 0.998392263559934 0.515881631699552 0.702526446763885 333
ETV5 0.997411625302112 0.524910236853605 0.71321884200288 330
ZNF410 0.996875799382621 0.52786256795185 0.715625763263583 322
ETV2 0.995192557816467 0.541582768200477 0.732587405199752 339
Id2 0.993223549541615 0.548050798936004 0.739685488096254 327
HES7 0.988346159048281 0.563692671689231 0.759106131208165 340
HOXA5 0.986396711737628 0.597659922604362 0.801987348173595 336
SIX2 0.986863311164639 0.598181982466114 0.801987348173595 333
MAX 0.978900205648454 0.617488081049289 0.826043658092427 316
TGIF1 0.974516187019874 0.642792334640781 0.858000340952232 325
TFEC 0.975961616640369 0.645967433837808 0.860343439353212 339
NFE2 0.972986958063914 0.651894140466628 0.86633300246223 330
RUNX3 0.975093939940316 0.680184574512945 0.901951536443862 325
FOSB-JUNB 0.970644503504096 0.682180548770486 0.90262317151728 357
NFATC2 0.970206278111804 0.709689631713365 0.936975853634639 309
SREBF1 0.967009422326124 0.725889770345914 0.956280871368748 323
Nkx2-5(var.2) 0.966436269314154 0.735058258091736 0.966258794801718 324
PKNOX1 0.957250130243985 0.738945208372434 0.969265792800206 332
MITF 0.942238532917742 0.767849147443909 1 307
OLIG3 0.938004442030206 0.81952265745649 1 339
KLF13 0.948853828681193 0.819798612028564 1 310
PAX9 0.94532024760123 0.828840818367868 1 310
PAX3 0.923017019534369 0.844327657032865 1 314
MXI1 0.933017346095578 0.85446801691314 1 340
E2F2 0.919089637751117 0.859479356511549 1 304
PAX7 0.918315465631266 0.864095597564076 1 320
HOXC10 0.937817492422528 0.875209468857328 1 329
BATF3 0.904084390610069 0.895065674684805 1 304
HEY1 0.909325364328334 0.899362988416257 1 307
PRDM1 0.919741492630937 0.933355999119434 1 314
NFATC1 0.916156769515943 0.93839368671117 1 301
MYCN 0.886474510335849 0.94227145932177 1 324
E2F3 0.877467761996655 0.943334150110625 1 288
MNT 0.885513900188276 0.950183983222795 1 287
MTF1 0.907343941707102 0.952564609461657 1 310
ATF4 0.905223698650594 0.95756413012571 1 309
HES5 0.870843010227445 0.964082633746749 1 292
CLOCK 0.87098301307007 0.964454452026722 1 298
NKX3-2 0.903767316615817 0.964559953759099 1 313
T 0.859850138550737 0.969716270562016 1 290
TBX15 0.897506704833972 0.970342353409001 1 291
HMBOX1 0.895950173285648 0.970777893915683 1 312
DUXA 0.887306951395392 0.970831009647003 1 293
Hoxa11 0.888124469500357 0.977696568017213 1 288
BHLHE40 0.858110022247502 0.977999651148376 1 290
SMAD3 0.85937104912716 0.980186484185255 1 295
SPDEF 0.887782671546897 0.980875119193252 1 308
MEIS3 0.890512298596928 0.981192403610196 1 307
TP63 0.850982170356824 0.982571782094731 1 278
MAX-MYC 0.866238601919232 0.982994409107193 1 289
NR3C1 0.840173702985152 0.984372990499506 1 276
CUX2 0.86314696982622 0.985106827788955 1 302
NR3C2 0.835213902139314 0.986768364873518 1 268
Pax6 0.873293305399628 0.986873077716346 1 285
Ar 0.834362754374618 0.98854205276604 1 273
SRF 0.837810377980969 0.989125253231166 1 276
TBX4 0.874287293053512 0.99119869550745 1 300
CUX1 0.849717646666088 0.991334650632298 1 292
HEY2 0.841303823570575 0.991537762864444 1 288
USF2 0.841232776428849 0.993136359765411 1 273
E2F1 0.817819947088911 0.993967583070138 1 279
RELA 0.84445414835785 0.994453226595988 1 291
CEBPD 0.832991794149455 0.994692393422085 1 291
GRHL2 0.846863325358829 0.995692506476296 1 282
RUNX2 0.851285934417796 0.996777922167817 1 273
CEBPB 0.822398100395602 0.996839547482598 1 280
Hes2 0.830853003161394 0.997926834528766 1 264
TFE3 0.831579175340859 0.998048775328353 1 285
MLXIPL 0.805013905806586 0.998139269055817 1 282
Hes1 0.796496336471825 0.998164391816675 1 252
Ahr-Arnt 0.809123458943318 0.99842401966559 1 191
HOXD11 0.839003778955002 0.99860965705064 1 285
Nkx3-1 0.835302908821583 0.99886730903706 1 275
GLIS2 0.825732541468945 0.998989474041345 1 267
YY2 0.838040539550861 0.999075379087238 1 300
CEBPE 0.797458301171908 0.999234275054679 1 282
Stat6 0.81326365653221 0.999284890413193 1 283
NFYA 0.821885168148341 0.999554502920153 1 275
JDP2(var.2) 0.771487866065524 0.999606918983968 1 262
NKX2-8 0.812944462424052 0.999751222727962 1 268
RBPJ 0.815378265354302 0.999762597894811 1 274
SIX1 0.815489069344885 0.999763469095047 1 281
FOSL2-JUN(var.2) 0.778812659648221 0.999774537652759 1 268
NKX2-3 0.806586191206366 0.999876101018637 1 275
CEBPG 0.762303384941183 0.999891293548007 1 264
TBX5 0.804894581826614 0.999907837628258 1 277
FOSL2-JUNB(var.2) 0.718633461950639 0.999908460437413 1 234
EBF1 0.735009506046965 0.99991945873776 1 239
TBR1 0.798157362298166 0.999936917942377 1 272
JUN-JUNB(var.2) 0.742973120370865 0.999964382001112 1 240
TBX21 0.789527985029006 0.99996941385322 1 268
BHLHE41 0.709523152479665 0.999979516377968 1 243
TFCP2 0.715167075220353 0.999979521545722 1 234
TBX1 0.786559858877343 0.999984017300269 1 279
MEIS2 0.784312883253332 0.999984149856352 1 273
ZBTB7C 0.770779528037153 0.999988688825758 1 255
Six3 0.762243474720559 0.999989120490883 1 245
FOS-JUN(var.2) 0.729669191079097 0.999992464436103 1 237
MLX 0.712935989829648 0.999993255052236 1 248
Tcfl5 0.660166254977597 0.999993876956916 1 222
Mlxip 0.748110403474519 0.999993972337683 1 263
GLI2 0.766579220124175 0.999994690866114 1 257
Arntl 0.735316210990451 0.999995488246942 1 253
PAX1 0.752570752805872 0.999995513650523 1 244
HOXC11 0.759872983478204 0.999997185275116 1 258
FOSL2-JUND(var.2) 0.704463267799158 0.999997757603389 1 228
FOSL1-JUND(var.2) 0.723575815470143 0.999997925027068 1 230
FOSB-JUN 0.703649406629701 0.999998195090457 1 231
MGA 0.755328309959647 0.999998273404026 1 251
Atf3 0.750466766289735 0.99999829571925 1 244
ATF7 0.664919203059079 0.999998702622844 1 219
HSF2 0.722709858033777 0.999998819674177 1 239
HOXD12 0.747974253523098 0.999999254801049 1 255
HSF1 0.722597379303823 0.999999303398632 1 241
HOXC13 0.741775378120335 0.999999497874244 1 247
FOSL1-JUN(var.2) 0.633433726909524 0.99999972081546 1 209
Gfi1 0.731838999963679 0.999999805428214 1 241
GRHL1 0.657929102024597 0.999999827590227 1 225
TBX20 0.734300012672634 0.999999858293767 1 253
MYBL1 0.6611232029293 0.999999891264606 1 228
Pax2 0.734618577985626 0.999999906853519 1 260
FOSB-JUNB(var.2) 0.63717744954152 0.999999917504467 1 213
HSF4 0.701028611976908 0.999999941087538 1 239
IRF9 0.703388694240075 0.999999958364469 1 236
NFKB1 0.602525694799788 0.999999961535421 1 203
JUNB(var.2) 0.616808943962384 0.999999964488762 1 213
EOMES 0.712149182700843 0.999999965615072 1 231
Srebf1(var.2) 0.633294689554005 0.999999986797757 1 222
ARNT-HIF1A 0.695150759732726 0.999999988212097 1 242
NFKB2 0.565554962592367 0.99999998851919 1 192
CREB3L1 0.699791333686681 0.999999988760709 1 233
MYB 0.709686451006235 0.999999989100494 1 244
Creb5 0.639020739255453 0.999999989518929 1 220
NFYB 0.701255695187271 0.999999990071107 1 234
HOXC12 0.708960693758115 0.999999992619661 1 247
XBP1 0.697753212423212 0.999999993563634 1 237
SREBF2(var.2) 0.610509279083264 0.999999998402861 1 209
TBX2 0.679784680503639 0.999999999467103 1 224
Arnt 0.554147036100846 0.999999999629335 1 143
E2F7 0.653383089807645 0.999999999725265 1 214
RELB 0.638911435598985 0.99999999999482 1 214
HINFP 0.630623997088725 0.999999999999102 1 217
ZBTB7B 0.635049779902486 0.999999999999227 1 215
GLIS1 0.622510407409262 0.999999999999682 1 206
MYBL2 0.521195131156536 0.999999999999846 1 168
Crem 0.577813982233893 0.999999999999951 1 191
CREB3 0.581004778282422 0.999999999999998 1 191
GLIS3 0.590822431028951 0.999999999999998 1 195
MEIS1 0.613030668082439 0.999999999999998 1 216
E2F8 0.572871154802389 0.999999999999999 1 192
ZBTB33 0.45063198609922 1 1 148
Atf1 0.250554261131896 1 1 85
Creb3l2 0.474010741525624 1 1 165
Gmeb1 0.429287568531494 1 1 137
CENPB 0.522121528664818 1 1 176
IRF8 0.527673653471129 1 1 173
ZBED1 0.487729520175032 1 1 166
PROX1 0.509544588442602 1 1 167
GMEB2 0.273487148751007 1 1 97
HIF1A 0.459018549939022 1 1 153
IRF4 0.523537683452351 1 1 174
IRF5 0.519261612999317 1 1 176
